00 00 00 00 00 00 00 00 00 00 00 00 00 00 00 00 00 00 00 00 00 00 00 00 00 00 00 00 00 00 00 00 00 00 00 00 00 00 00 00 00 00 00 00 00 00 00 00 00 00 00 00 00 00 00 00 00 00 00 00 00 00 00 00 00 00 00 00 00 00 00 00 00 00 00 00 00 00 00 00 00 00 00 00 00 00 00 00 00 00 00 00 00 00 00 00 00 00 00 00 00 00 00 00 00 00 00 00 00 00 00 00 00 00 00 00 00 00 00 00 
00 00 00 00 00 00 00 00 00 00 00 00 00 00 00 00 00 00 00 00 00 00 00 00 00 00 00 00 00 00 00 00 00 00 00 00 00 00 00 00 00 00 00 00 00 00 00 00 00 00 00 00 00 00 00 00 00 00 00 00 00 00 00 00 00 00 00 00 00 00 00 00 00 00 00 00 00 00 00 00 00 00 00 00 00 00 00 00 00 00 00 00 00 00 00 00 00 00 00 00 00 00 00 00 00 00 00 00 00 00 00 00 00 00 00 00 00 00 00 00 
00 00 00 00 00 00 00 00 00 00 00 00 00 00 00 00 00 00 00 00 00 00 00 00 00 00 00 00 00 00 00 00 00 00 00 00 00 00 00 00 00 00 00 00 00 00 00 00 00 00 00 00 00 00 00 00 00 00 00 00 00 00 00 00 00 00 00 00 00 00 00 00 00 00 00 00 00 00 00 00 00 00 00 00 00 00 00 00 00 00 00 00 00 00 00 00 00 00 00 00 00 00 00 00 00 00 00 00 00 00 00 00 00 00 00 00 00 00 00 00 
00 00 00 00 00 00 00 00 00 00 00 00 00 00 00 00 00 00 00 00 00 00 00 00 00 00 00 00 00 00 00 00 00 00 00 00 00 00 00 00 00 00 00 00 00 00 00 00 00 00 00 00 00 00 00 00 00 00 00 00 00 00 00 00 00 00 00 00 00 00 00 00 00 00 00 00 00 00 00 00 00 00 00 00 00 00 00 00 00 00 00 00 00 00 00 00 00 00 00 00 00 00 00 00 00 00 00 00 00 00 00 00 00 00 00 00 00 00 00 00 
00 00 00 00 00 00 00 00 00 00 00 00 00 00 00 00 00 00 00 00 00 00 00 00 00 00 00 00 00 00 00 00 00 00 00 00 00 00 00 00 00 00 00 00 00 00 00 00 00 00 00 00 00 00 00 00 00 00 00 00 00 00 00 00 00 00 00 00 00 00 00 00 00 00 00 00 00 00 00 00 00 00 00 00 00 00 00 00 00 00 00 00 00 00 00 00 00 00 00 00 00 00 00 00 00 00 00 00 00 00 00 00 00 00 00 00 00 00 00 00 
00 00 00 00 00 00 00 00 00 00 00 00 00 00 00 00 00 00 00 00 00 00 00 00 00 00 00 00 00 00 00 00 00 00 00 00 00 00 00 00 00 00 00 00 00 00 00 00 00 00 00 00 00 00 00 00 00 00 00 00 00 00 00 00 00 00 00 00 00 00 00 00 00 00 00 00 00 00 00 00 00 00 00 00 00 00 00 00 00 00 00 00 00 00 00 00 00 00 00 00 00 00 00 00 00 00 00 00 00 00 00 00 00 00 00 00 00 00 00 00 
00 00 00 00 00 00 00 00 00 00 00 00 00 00 00 00 00 00 00 00 00 00 00 00 00 00 00 00 00 00 00 00 00 00 00 00 00 00 00 00 00 00 00 00 00 00 00 00 00 00 00 00 00 00 00 00 00 00 00 00 00 00 00 00 00 00 00 00 00 00 00 00 00 00 00 00 00 00 00 00 00 00 00 00 00 00 00 00 00 00 00 00 00 00 00 00 00 00 00 00 00 00 00 00 00 00 00 00 00 00 00 00 00 00 00 00 00 00 00 00 
00 00 00 00 00 00 00 00 00 00 00 00 00 00 00 00 00 00 00 00 00 00 00 00 00 00 00 00 00 00 00 00 00 00 00 00 00 00 00 00 00 00 00 00 00 00 00 00 00 00 00 00 00 00 00 00 00 00 00 00 00 00 00 00 00 00 00 00 00 00 00 00 00 00 00 00 00 00 00 00 00 00 00 00 00 00 00 00 00 00 00 00 00 00 00 00 00 00 00 00 00 00 00 00 00 00 00 00 00 00 00 00 00 00 00 00 00 00 00 00 
00 00 00 00 00 00 00 00 00 00 00 00 00 00 00 00 00 00 00 00 00 00 00 00 00 00 00 00 00 00 00 00 00 00 00 00 00 00 00 00 00 00 00 00 00 00 00 00 00 00 00 00 00 00 00 00 00 00 00 00 00 00 00 00 00 00 00 00 00 00 00 00 00 00 00 00 00 00 00 00 00 00 00 00 00 00 00 00 00 00 00 00 00 00 00 00 00 00 00 00 00 00 00 00 00 00 00 00 00 00 00 00 00 00 00 00 00 00 00 00 
00 00 00 00 00 00 00 00 00 00 00 00 00 00 00 00 00 00 00 00 00 00 00 00 00 00 00 00 00 00 00 00 00 00 00 00 00 00 00 00 00 00 00 00 00 00 00 00 00 00 00 00 00 00 00 00 00 00 00 00 00 00 00 00 00 00 00 00 00 00 00 00 00 00 00 00 00 00 00 00 00 00 00 00 00 00 00 00 00 00 00 00 00 00 00 00 00 00 00 00 00 00 00 00 00 00 00 00 00 00 00 00 00 00 00 00 00 00 00 00 
00 00 00 00 00 00 00 00 00 00 24 24 25 26 25 25 26 25 24 26 25 25 25 25 25 26 25 25 25 25 24 24 24 24 24 25 25 25 25 24 25 25 25 24 24 25 25 25 26 25 25 25 25 25 25 25 24 24 24 26 25 25 25 25 24 25 26 25 25 25 25 25 26 25 24 26 24 26 24 24 48 50 48 48 50 50 48 48 48 48 48 49 50 48 49 50 49 49 48 50 49 48 48 49 49 48 49 50 48 50 00 00 00 00 00 00 00 00 00 00 
00 00 00 00 00 00 00 00 00 00 24 27 27 28 28 28 29 28 28 28 28 27 29 27 29 29 27 27 29 29 29 27 27 29 29 28 29 28 27 27 24 28 27 24 27 27 27 28 28 27 27 27 24 29 29 24 27 27 27 27 27 27 27 29 29 28 28 28 29 29 28 28 28 27 28 28 29 29 29 28 48 45 46 45 47 45 47 47 47 47 47 47 45 45 46 47 45 47 46 46 45 45 45 48 45 45 47 45 46 48 00 00 00 00 00 00 00 00 00 00 
00 00 00 00 00 00 00 00 00 00 24 43 40 41 40 44 43 42 43 42 43 44 43 43 43 42 40 31 43 42 43 31 41 44 31 31 42 44 43 43 24 43 40 24 43 43 43 44 40 31 42 43 25 40 43 24 43 31 41 44 31 44 44 43 44 43 44 44 31 31 31 40 31 43 43 43 41 41 43 43 48 61 61 60 61 64 61 60 61 61 62 69 61 63 61 61 61 62 61 61 61 61 62 50 61 61 63 61 64 48 00 00 00 00 00 00 00 00 00 00 
00 00 00 00 00 00 00 00 00 00 25 30 30 30 30 30 30 30 30 30 30 30 30 30 30 30 30 30 30 30 30 39 39 30 35 39 30 36 30 30 24 30 30 24 30 30 30 30 30 30 30 30 24 30 30 24 30 30 30 30 30 30 30 30 30 30 30 30 30 30 30 30 30 30 30 30 30 30 30 30 49 54 54 54 54 54 54 54 54 54 57 54 54 54 54 54 54 54 54 54 54 54 54 48 54 54 54 54 54 48 00 00 00 00 00 00 00 00 00 00 
00 00 00 00 00 00 00 00 00 00 24 30 39 30 30 37 30 39 30 30 30 30 30 30 38 30 30 30 30 30 30 39 30 30 30 38 30 30 30 30 24 30 30 24 30 30 30 38 38 38 30 30 24 30 30 24 30 30 24 25 24 26 26 25 24 26 25 25 24 30 30 30 30 30 39 30 30 30 30 30 50 54 54 54 54 54 54 54 54 53 54 54 54 54 54 54 54 54 54 54 54 54 54 49 54 57 57 54 54 50 00 00 00 00 00 00 00 00 00 00 
00 00 00 00 00 00 00 00 00 00 24 30 30 30 30 30 30 30 30 38 30 30 39 30 30 30 30 30 30 30 30 30 30 30 30 30 30 30 30 30 24 30 30 24 30 30 30 30 30 30 30 30 25 30 30 24 30 30 26 27 27 28 29 28 28 29 29 27 24 30 30 30 36 36 30 36 38 30 30 30 48 54 54 54 54 54 54 54 54 55 54 54 54 51 54 54 54 54 54 54 54 54 54 50 54 54 51 54 54 48 00 00 00 00 00 00 00 00 00 00 
00 00 00 00 00 00 00 00 00 00 25 30 30 37 30 30 39 37 30 30 30 30 30 30 35 30 30 24 24 24 24 24 24 24 24 24 24 24 30 30 24 30 30 24 24 24 24 30 30 24 24 25 24 30 30 24 30 30 24 43 43 42 43 43 31 43 31 43 24 30 30 30 30 30 35 37 38 30 30 30 50 54 54 54 54 54 54 54 54 54 54 54 54 54 54 52 54 54 54 54 54 54 54 49 54 54 54 53 54 49 00 00 00 00 00 00 00 00 00 00 
00 00 00 00 00 00 00 00 00 00 25 30 30 35 30 30 30 30 30 30 30 30 30 30 30 30 30 24 27 27 28 29 29 29 29 28 27 24 30 30 24 30 30 28 28 27 24 30 30 27 28 28 27 30 30 24 30 30 26 30 30 30 38 30 30 30 30 30 24 30 30 30 30 30 30 30 30 30 30 30 48 54 54 54 54 54 54 54 54 54 54 54 54 54 54 54 54 54 54 54 54 54 54 48 54 54 52 54 54 48 00 00 00 00 00 00 00 00 00 00 
00 00 00 00 00 00 00 00 00 00 25 30 30 30 30 30 39 30 30 30 38 30 39 30 30 39 30 24 43 42 43 44 41 31 44 40 43 24 30 30 24 30 30 43 44 41 24 30 30 44 43 43 42 30 30 24 30 30 25 30 30 30 38 30 36 30 30 30 24 24 25 26 26 26 26 25 25 26 25 24 49 48 48 50 48 50 49 48 48 49 48 54 54 54 54 48 50 48 54 54 54 48 50 49 54 54 54 54 54 49 00 00 00 00 00 00 00 00 00 00 
00 00 00 00 00 00 00 00 00 00 24 30 30 30 30 30 30 30 30 30 30 30 30 30 30 30 30 24 30 30 30 30 30 30 30 30 30 24 30 30 24 30 30 30 30 30 24 30 30 30 30 30 30 30 30 24 30 30 26 30 30 30 30 30 30 30 30 30 27 27 28 28 28 27 28 28 28 29 29 27 45 45 46 47 45 46 47 46 46 45 48 54 54 54 54 48 45 45 54 54 54 45 47 46 54 54 54 54 54 48 00 00 00 00 00 00 00 00 00 00 
00 00 00 00 00 00 00 00 00 00 25 26 25 25 30 30 24 24 24 24 24 24 24 24 24 24 24 24 30 30 30 30 30 30 30 30 30 24 30 30 24 30 30 30 30 30 24 30 30 24 24 24 25 25 25 25 30 30 24 26 24 25 26 24 24 24 30 30 43 31 31 43 41 43 42 31 31 41 43 43 64 61 61 60 61 60 61 61 61 61 48 54 54 54 54 49 61 60 54 54 54 61 60 63 54 54 54 54 54 49 00 00 00 00 00 00 00 00 00 00 
00 00 00 00 00 00 00 00 00 00 24 27 27 24 30 30 24 27 27 27 29 27 29 28 28 27 29 27 30 30 30 36 30 30 30 30 30 24 30 30 26 25 25 26 30 30 24 30 30 27 27 27 28 28 28 27 30 30 27 27 27 29 29 29 27 27 30 30 30 37 30 30 30 30 37 30 30 30 30 30 54 54 54 54 54 54 54 54 54 54 48 54 54 54 54 48 54 54 54 54 54 54 54 54 54 54 54 54 54 49 00 00 00 00 00 00 00 00 00 00 
00 00 00 00 00 00 00 00 00 00 25 41 42 24 30 30 24 43 41 44 31 31 31 41 42 44 44 44 30 30 30 30 30 30 39 30 30 24 30 30 25 28 28 24 30 30 24 30 30 41 41 43 43 43 40 41 39 30 43 41 42 31 41 31 43 41 30 30 30 30 30 30 30 30 30 30 30 30 30 54 54 54 54 54 54 54 54 56 54 54 49 54 54 54 54 48 54 54 54 54 54 54 54 54 54 54 51 54 54 48 00 00 00 00 00 00 00 00 00 00 
00 00 00 00 00 00 00 00 00 00 26 30 30 25 36 30 24 30 30 30 30 30 30 30 30 30 30 30 30 30 30 30 36 30 39 30 30 25 30 30 25 42 41 24 30 30 24 30 30 30 30 30 30 30 30 30 30 30 30 30 30 30 30 30 30 30 30 30 30 30 30 54 54 54 54 54 54 54 54 54 54 54 54 54 57 54 54 54 54 54 48 54 54 54 54 50 54 54 54 54 54 54 53 54 54 54 55 54 54 48 00 00 00 00 00 00 00 00 00 00 
00 00 00 00 00 00 00 00 00 00 25 30 30 25 30 30 24 30 30 30 30 30 35 30 30 30 30 30 30 30 39 30 30 30 30 30 30 24 30 30 26 30 36 26 30 30 24 26 26 25 25 26 25 25 26 24 26 26 26 30 30 30 30 30 30 30 30 33 30 30 54 54 54 54 54 54 54 54 54 54 54 51 54 54 54 54 54 54 54 54 48 54 54 54 54 49 54 54 54 54 54 54 52 54 54 54 54 54 54 49 00 00 00 00 00 00 00 00 00 00 
00 00 00 00 00 00 00 00 00 00 25 30 30 24 30 30 24 30 30 37 36 36 35 30 30 24 24 24 34 30 30 30 30 30 30 30 30 25 30 30 26 30 30 24 30 30 27 27 27 28 28 28 28 28 27 24 27 28 24 30 30 30 30 36 30 30 30 26 30 30 54 54 55 54 54 54 54 54 54 54 54 54 54 54 54 54 54 54 54 54 49 54 54 54 54 48 54 54 54 54 54 54 54 54 54 54 54 54 54 49 00 00 00 00 00 00 00 00 00 00 
00 00 00 00 00 00 00 00 00 00 24 30 30 24 30 37 24 30 30 30 30 36 30 30 30 24 27 27 24 30 30 30 30 30 30 30 30 24 30 36 24 30 30 24 30 30 43 42 40 43 42 40 43 40 43 24 43 42 24 30 36 36 30 30 36 37 30 24 30 30 54 54 54 54 54 54 54 54 54 54 54 54 54 54 54 54 54 54 54 54 48 54 54 54 54 49 54 54 54 54 54 54 54 54 54 54 54 54 54 49 00 00 00 00 00 00 00 00 00 00 
00 00 00 00 00 00 00 00 00 00 24 30 30 24 30 30 24 30 30 30 30 30 30 30 30 24 41 41 24 30 30 30 39 30 30 30 30 24 30 30 24 30 30 24 30 30 30 30 36 36 30 30 30 30 30 24 30 30 24 30 30 30 30 30 30 30 30 26 30 30 54 54 54 54 54 48 48 48 48 48 48 48 48 50 48 48 48 48 48 50 48 54 54 54 54 48 48 49 48 48 48 48 49 49 48 48 50 48 48 50 00 00 00 00 00 00 00 00 00 00 
00 00 00 00 00 00 00 00 00 00 25 30 30 24 38 30 24 30 30 30 30 30 30 30 30 24 30 30 24 30 30 30 30 30 24 24 26 26 30 30 24 30 30 24 30 30 30 30 30 30 30 30 30 30 30 24 30 30 24 30 30 30 30 30 30 30 30 25 30 30 54 57 54 54 54 48 45 45 47 46 45 45 47 46 46 46 45 47 45 47 45 54 54 54 54 45 47 45 45 46 45 47 46 46 46 46 46 47 45 48 00 00 00 00 00 00 00 00 00 00 
00 00 00 00 00 00 00 00 00 00 25 30 37 24 30 30 24 24 24 24 24 24 24 24 24 24 30 30 24 30 30 30 30 30 24 27 27 27 30 30 24 30 30 24 30 30 30 38 35 30 30 37 30 30 30 24 30 30 24 30 30 30 35 38 30 30 30 24 30 37 54 54 54 54 54 48 64 61 63 61 61 60 61 65 61 60 63 61 61 60 61 54 54 54 54 61 63 64 61 61 60 60 61 63 61 61 61 61 62 48 00 00 00 00 00 00 00 00 00 00 
00 00 00 00 00 00 00 00 00 00 24 30 30 24 30 30 27 27 28 27 27 28 27 27 27 27 30 30 24 30 30 30 30 30 24 43 43 43 30 30 28 30 30 28 30 30 35 37 38 30 30 30 30 30 30 24 30 30 24 30 30 30 30 36 30 30 30 25 30 30 54 54 51 53 54 48 54 54 54 54 54 54 54 54 54 54 54 54 54 54 54 54 54 54 54 54 54 54 56 54 54 54 54 54 54 54 54 54 54 49 00 00 00 00 00 00 00 00 00 00 
00 00 00 00 00 00 00 00 00 00 24 30 30 24 30 30 40 43 43 31 43 31 43 41 41 43 30 30 24 30 39 39 30 30 24 30 30 30 39 30 41 30 30 42 30 30 30 30 30 30 30 30 30 30 30 24 30 30 24 30 30 30 30 36 39 30 30 24 30 38 54 54 52 54 54 48 54 54 54 54 54 54 54 54 54 54 54 54 54 54 54 54 54 54 54 54 54 54 54 54 54 54 54 54 54 54 54 54 54 48 00 00 00 00 00 00 00 00 00 00 
00 00 00 00 00 00 00 00 00 00 24 30 30 24 30 30 30 30 30 30 30 30 30 30 30 30 30 30 24 30 30 30 30 30 24 30 30 30 30 30 30 30 30 30 30 30 30 30 30 30 30 30 30 30 30 24 30 30 26 30 30 38 30 38 30 30 30 26 30 30 54 54 54 54 54 48 54 54 54 54 54 54 54 54 54 54 54 54 57 54 54 54 54 54 54 54 54 54 54 54 54 54 54 54 54 54 54 54 54 48 00 00 00 00 00 00 00 00 00 00 
00 00 00 00 00 00 00 00 00 00 24 30 38 24 24 24 24 24 24 24 24 24 26 24 24 26 30 30 26 30 30 30 30 30 26 30 30 33 30 30 24 24 24 24 24 25 26 25 25 25 25 25 24 24 25 24 30 30 24 30 30 30 30 30 30 30 30 26 30 30 54 54 54 56 54 48 54 54 54 54 54 52 54 54 54 54 54 54 54 54 59 54 54 54 54 54 54 53 53 54 54 54 54 54 54 54 51 54 54 50 00 00 00 00 00 00 00 00 00 00 
00 00 00 00 00 00 00 00 00 00 24 30 30 27 27 27 27 27 27 29 28 27 27 28 28 27 30 30 24 30 35 30 30 30 24 30 30 24 30 30 27 27 27 27 27 28 28 28 28 28 28 27 27 27 27 27 30 30 26 30 30 30 38 36 36 30 30 26 30 30 54 54 54 54 54 48 54 54 54 54 54 54 54 54 54 53 54 54 54 54 54 54 54 54 54 54 54 54 54 54 54 54 54 54 55 54 54 54 54 48 00 00 00 00 00 00 00 00 00 00 
00 00 00 00 00 00 00 00 00 00 24 30 30 43 41 31 43 41 41 43 43 43 43 43 31 43 30 30 26 30 30 30 30 30 26 30 30 24 30 30 43 43 43 42 41 43 40 43 41 43 43 41 43 41 43 43 30 30 24 30 30 30 36 30 30 30 30 26 30 30 54 54 54 54 54 48 54 54 54 54 54 54 54 54 54 54 54 54 54 54 54 54 54 54 54 54 54 54 54 54 54 54 54 54 54 54 54 54 54 50 00 00 00 00 00 00 00 00 00 00 
00 00 00 00 00 00 00 00 00 00 25 30 30 30 30 30 30 30 30 30 30 30 30 37 30 30 30 30 24 30 30 30 30 30 24 30 30 24 30 30 30 30 30 30 30 30 30 30 30 30 30 30 30 30 30 30 30 30 24 30 30 39 30 30 37 30 30 26 30 30 54 54 54 54 54 48 54 54 54 54 54 54 54 54 54 54 54 54 54 54 54 54 54 54 54 54 54 54 54 54 57 54 54 54 54 54 54 54 54 48 00 00 00 00 00 00 00 00 00 00 
00 00 00 00 00 00 00 00 00 00 24 24 24 24 24 26 24 24 24 26 24 24 26 24 24 24 30 30 24 26 30 30 30 24 24 30 30 24 24 24 24 25 25 26 24 24 25 25 25 25 25 25 24 24 26 24 24 24 26 30 30 36 30 30 30 37 30 26 24 25 48 48 48 48 48 48 54 54 54 54 54 54 54 54 54 54 54 54 54 54 54 54 54 54 54 54 54 54 54 54 54 54 54 54 54 52 54 54 54 48 00 00 00 00 00 00 00 00 00 00 
00 00 00 00 00 00 00 00 00 00 24 27 27 28 29 27 27 27 27 29 27 27 27 27 27 29 30 30 26 27 30 30 30 27 27 30 30 27 27 27 27 27 27 28 28 28 28 28 28 27 27 28 27 27 28 27 27 27 27 30 30 30 30 30 30 30 30 24 27 27 45 47 47 46 46 45 54 54 54 54 54 54 54 54 54 54 56 54 54 54 55 54 54 54 54 54 54 54 54 54 54 54 54 54 54 54 54 54 54 48 00 00 00 00 00 00 00 00 00 00 
00 00 00 00 00 00 00 00 00 00 25 40 31 42 31 43 43 38 43 41 40 31 43 40 43 43 30 30 42 43 30 30 30 41 43 30 30 43 43 43 42 43 41 43 41 42 42 43 44 40 43 43 42 43 41 43 41 44 41 30 30 30 30 30 30 30 30 24 31 31 61 61 63 62 61 62 54 54 54 54 54 54 54 54 54 54 54 54 54 54 54 54 54 54 54 54 54 54 54 54 54 54 54 54 54 54 54 54 54 50 00 00 00 00 00 00 00 00 00 00 
00 00 00 00 00 00 00 00 00 00 25 30 30 30 30 30 30 30 30 30 30 30 30 30 30 30 30 30 30 30 30 30 30 30 30 30 30 30 30 30 30 30 30 30 30 30 30 30 30 30 30 30 30 30 30 30 30 30 30 30 30 30 30 30 30 30 30 24 30 30 54 54 54 54 54 54 54 54 54 54 53 54 54 54 54 54 54 54 54 54 54 54 54 54 54 54 54 54 54 54 54 54 54 54 54 54 54 54 54 48 00 00 00 00 00 00 00 00 00 00 
00 00 00 00 00 00 00 00 00 00 25 30 30 24 24 24 24 24 24 24 24 24 24 24 24 24 25 24 24 24 24 25 24 24 24 25 24 24 24 24 24 24 24 24 24 24 24 24 30 30 24 24 24 26 24 24 24 26 25 25 26 26 24 26 24 24 24 24 30 30 24 25 48 48 48 48 54 54 54 54 54 54 54 54 54 54 54 54 54 54 54 54 54 54 54 54 56 54 54 54 54 54 54 54 54 54 54 54 54 50 00 00 00 00 00 00 00 00 00 00 
00 00 00 00 00 00 00 00 00 00 25 30 30 24 27 27 29 29 29 29 28 28 28 28 28 28 28 29 28 27 27 28 29 28 29 29 29 27 27 27 27 28 28 27 27 27 27 24 30 30 27 27 27 28 28 28 28 29 29 28 28 29 27 28 27 27 27 27 30 30 24 27 45 47 45 48 54 54 54 54 54 54 54 54 54 54 54 54 54 54 54 54 54 54 54 54 54 54 54 53 54 54 54 54 54 54 54 54 54 48 00 00 00 00 00 00 00 00 00 00 
00 00 00 00 00 00 00 00 00 00 25 30 30 24 43 43 43 43 41 31 40 43 43 43 43 43 43 43 41 43 40 43 41 43 31 42 43 40 41 43 43 40 43 41 42 43 43 24 30 30 43 43 43 44 44 43 43 42 43 43 44 44 43 43 43 31 31 43 30 30 24 31 61 62 61 48 54 54 54 54 54 54 54 54 54 54 54 54 54 54 54 54 54 54 54 54 54 54 54 54 54 54 54 54 54 54 54 54 54 48 00 00 00 00 00 00 00 00 00 00 
00 00 00 00 00 00 00 00 00 00 24 30 37 24 30 30 30 30 30 30 30 30 30 30 35 37 30 30 30 30 30 30 30 30 30 30 30 30 30 30 30 35 30 30 30 30 30 24 30 30 30 37 30 30 30 30 30 30 30 30 35 30 30 38 30 37 30 30 30 30 24 30 54 54 54 48 54 54 54 54 54 54 54 54 54 54 54 54 54 54 54 54 54 54 54 54 54 54 54 54 54 54 54 54 54 54 54 54 54 48 00 00 00 00 00 00 00 00 00 00 
00 00 00 00 00 00 00 00 00 00 24 30 30 26 30 30 37 30 30 38 30 30 30 30 30 37 30 30 30 30 30 30 30 30 30 30 30 30 30 30 30 35 30 30 30 30 30 24 30 30 30 30 30 30 30 30 30 30 30 30 30 30 30 30 30 30 30 30 30 30 24 30 54 54 54 48 54 54 54 54 54 54 59 54 51 54 54 54 54 54 56 54 54 54 54 52 54 54 54 54 54 54 54 54 54 54 54 54 54 50 00 00 00 00 00 00 00 00 00 00 
00 00 00 00 00 00 00 00 00 00 24 30 30 24 30 30 24 24 26 26 24 24 24 26 26 26 26 24 24 26 24 24 24 24 24 24 24 24 24 24 30 30 30 30 30 24 24 24 26 24 24 24 26 24 24 24 25 24 24 24 24 24 24 25 26 25 24 25 24 24 25 30 54 54 54 48 54 54 54 54 54 54 54 54 54 54 54 54 54 54 54 54 54 54 54 54 54 54 54 54 54 54 54 54 54 54 54 54 54 50 00 00 00 00 00 00 00 00 00 00 
00 00 00 00 00 00 00 00 00 00 25 30 35 26 30 30 24 27 28 27 27 27 27 27 27 27 28 27 27 27 27 27 27 28 27 27 27 27 27 24 30 30 30 30 30 24 27 27 27 27 27 27 29 29 29 29 29 28 28 28 27 24 27 27 27 29 29 28 27 28 27 30 54 54 54 48 54 54 54 55 54 54 54 54 54 54 54 54 54 54 54 54 54 54 54 54 54 54 54 54 54 54 54 54 54 54 54 54 54 48 00 00 00 00 00 00 00 00 00 00 
00 00 00 00 00 00 00 00 00 00 25 30 30 24 30 30 24 43 43 42 40 43 43 43 41 41 43 42 43 41 43 44 43 41 41 41 42 43 43 24 30 35 37 30 30 24 43 42 40 43 43 43 41 43 42 43 43 44 42 31 43 26 43 40 43 31 43 31 43 41 43 30 54 54 54 48 54 54 54 54 54 54 54 54 54 54 54 54 54 54 54 54 54 54 54 54 54 54 54 54 54 54 54 54 54 56 54 54 54 49 00 00 00 00 00 00 00 00 00 00 
00 00 00 00 00 00 00 00 00 00 26 30 30 26 39 30 24 30 30 30 30 30 30 30 30 30 30 30 30 30 30 30 30 30 30 30 30 30 30 24 30 36 30 30 30 24 30 30 30 30 30 30 30 30 30 30 30 30 30 30 30 24 30 30 30 30 30 30 30 30 30 54 54 54 54 48 54 54 54 54 54 54 54 54 54 54 54 54 54 54 54 54 54 54 54 54 54 54 54 54 54 54 54 54 54 54 54 54 54 49 00 00 00 00 00 00 00 00 00 00 
00 00 00 00 00 00 00 00 00 00 24 30 30 24 30 30 24 30 37 30 30 35 36 30 39 39 30 30 38 30 30 30 39 39 30 30 30 30 30 24 30 30 30 30 30 24 30 30 24 25 26 24 24 25 25 24 25 24 24 30 30 25 54 54 54 54 54 54 54 54 54 54 54 54 54 48 54 54 54 54 54 54 54 54 54 54 54 54 54 54 54 54 54 54 54 54 54 54 54 54 54 54 54 54 54 54 54 54 54 48 00 00 00 00 00 00 00 00 00 00 
00 00 00 00 00 00 00 00 00 00 26 30 30 26 30 30 26 30 30 30 37 30 30 30 30 30 30 36 35 38 38 30 37 30 30 30 30 30 30 24 30 30 30 30 30 24 30 30 24 27 27 29 27 29 29 29 27 27 24 30 30 26 54 54 59 54 54 54 54 54 54 54 54 54 54 48 48 48 48 48 48 48 48 48 48 48 48 48 48 48 48 48 48 48 48 48 48 48 48 48 48 48 48 48 48 48 48 48 48 49 00 00 00 00 00 00 00 00 00 00 
00 00 00 00 00 00 00 00 00 00 24 30 39 26 30 30 26 30 30 30 30 30 30 30 30 30 30 30 30 30 30 30 30 30 30 30 30 30 30 24 30 30 36 30 30 25 30 30 24 43 31 44 44 43 42 44 31 40 25 30 30 34 54 54 54 54 54 54 53 52 54 54 53 54 54 45 45 46 47 45 47 46 45 46 46 45 45 47 47 45 46 47 47 45 45 45 45 47 45 45 46 47 45 45 47 46 46 47 46 48 00 00 00 00 00 00 00 00 00 00 
00 00 00 00 00 00 00 00 00 00 25 30 30 26 30 30 24 30 30 24 24 24 24 25 24 24 26 26 26 26 26 26 26 26 24 26 24 26 24 26 30 37 39 30 30 24 30 30 25 30 30 30 30 30 38 30 30 30 25 30 30 24 54 54 54 54 54 56 54 54 54 51 54 54 54 63 61 60 61 64 61 63 61 61 60 61 64 61 62 61 61 61 61 60 61 61 61 63 61 62 61 61 60 61 61 63 60 61 61 48 00 00 00 00 00 00 00 00 00 00 
00 00 00 00 00 00 00 00 00 00 26 30 30 24 30 30 26 30 30 24 27 27 27 27 28 27 28 28 28 28 28 27 28 27 27 27 27 27 27 27 30 30 30 30 30 25 30 30 24 30 30 37 39 30 30 30 30 30 24 30 30 24 54 54 54 54 54 54 54 54 52 54 54 54 54 54 54 54 54 54 54 54 54 54 54 54 54 54 54 54 54 54 54 54 54 54 54 54 54 54 54 54 54 54 58 54 54 54 54 48 00 00 00 00 00 00 00 00 00 00 
00 00 00 00 00 00 00 00 00 00 24 30 30 24 30 30 26 30 30 24 43 41 40 42 31 43 40 43 41 43 31 44 44 44 43 42 43 43 41 43 30 30 30 30 30 25 30 30 25 30 30 30 36 30 35 30 30 30 25 30 30 24 54 54 54 54 54 54 54 54 54 54 54 54 54 54 54 54 54 54 54 54 54 54 54 54 54 54 54 54 54 54 54 54 54 54 54 52 54 54 54 54 54 54 54 54 67 54 54 48 00 00 00 00 00 00 00 00 00 00 
00 00 00 00 00 00 00 00 00 00 25 30 30 24 30 30 24 30 30 24 30 30 30 30 30 30 30 30 30 30 30 30 30 30 30 30 30 30 30 30 30 30 30 30 30 25 30 30 24 30 30 30 30 30 30 30 30 30 26 30 30 48 48 48 49 48 48 49 48 48 48 48 48 48 48 48 48 48 50 48 48 48 49 48 48 48 50 48 48 49 48 48 48 48 54 54 54 54 54 54 54 54 54 54 54 54 48 54 54 48 00 00 00 00 00 00 00 00 00 00 
00 00 00 00 00 00 00 00 00 00 24 30 30 24 30 30 24 30 30 24 24 24 25 24 24 26 26 25 25 25 26 26 26 25 25 26 24 24 24 26 25 25 24 24 24 24 30 30 24 24 26 30 30 30 39 30 30 30 24 54 54 45 45 46 45 47 45 46 46 46 46 46 45 47 45 45 45 46 46 47 45 45 45 46 47 45 45 46 46 47 47 45 47 48 54 54 54 54 48 48 48 49 48 50 48 48 48 54 54 48 00 00 00 00 00 00 00 00 00 00 
00 00 00 00 00 00 00 00 00 00 24 30 30 29 30 30 29 30 30 27 29 27 29 28 27 28 27 27 28 28 28 28 27 28 28 27 28 27 27 29 29 27 27 29 27 27 30 30 27 27 26 30 30 30 39 30 30 30 24 54 54 61 61 61 61 61 60 61 62 61 61 61 60 61 63 61 65 61 60 61 61 63 61 61 61 61 61 60 63 61 62 61 65 48 54 54 54 54 48 45 47 45 45 47 45 45 47 54 54 48 00 00 00 00 00 00 00 00 00 00 
00 00 00 00 00 00 00 00 00 00 24 30 30 43 30 30 44 30 30 43 40 43 42 43 40 40 43 43 43 31 41 42 43 31 40 40 43 43 31 31 44 41 41 31 41 40 30 30 43 43 24 30 30 30 30 30 30 30 24 54 54 54 53 54 54 54 54 54 54 54 54 54 54 54 54 54 54 54 54 54 54 54 54 54 54 54 54 54 54 54 54 54 54 48 54 54 53 54 48 63 61 60 63 60 61 61 62 54 54 48 00 00 00 00 00 00 00 00 00 00 
00 00 00 00 00 00 00 00 00 00 24 30 30 30 30 30 30 30 30 30 30 30 30 30 30 30 30 30 30 30 30 30 30 30 30 30 30 30 30 30 30 30 30 30 30 30 30 30 30 30 24 30 30 30 30 30 30 54 48 49 49 48 48 50 50 49 50 49 49 48 48 48 48 54 54 48 50 48 48 48 50 50 50 48 48 48 48 48 48 48 48 54 54 50 54 51 54 54 48 54 54 54 54 54 54 54 54 54 54 49 00 00 00 00 00 00 00 00 00 00 
00 00 00 00 00 00 00 00 00 00 04 11 11 11 11 11 11 11 11 11 11 11 11 11 11 11 11 11 11 11 11 11 11 11 11 04 04 06 04 06 04 04 06 05 04 06 05 05 11 11 06 11 11 09 11 11 11 54 45 47 45 45 46 45 45 47 46 45 46 46 46 47 49 54 54 48 45 47 46 46 46 46 45 46 46 45 45 47 46 45 48 54 53 49 54 54 52 54 49 54 54 54 54 48 50 50 49 54 54 49 00 00 00 00 00 00 00 00 00 00 
00 00 00 00 00 00 00 00 00 00 04 11 11 06 05 04 05 04 04 05 04 04 06 04 04 04 04 05 05 04 05 05 04 11 11 01 01 02 02 02 03 03 01 03 01 03 03 06 11 11 06 11 11 11 11 11 11 11 61 61 64 61 63 62 61 61 60 61 61 61 60 61 48 54 54 48 61 62 61 61 60 61 61 63 61 60 62 61 60 61 48 54 54 48 54 54 54 54 48 54 54 54 54 48 47 46 48 54 54 48 00 00 00 00 00 00 00 00 00 00 
00 00 00 00 00 00 00 00 00 00 04 11 11 04 01 01 02 03 01 03 01 01 03 01 02 03 01 01 01 03 01 01 06 11 11 15 17 14 18 14 14 14 14 16 14 19 17 05 11 11 04 11 11 11 11 10 11 11 54 54 54 54 54 54 54 54 54 54 54 54 54 54 49 54 54 48 54 54 54 54 54 54 54 54 54 54 54 54 54 54 48 54 54 48 54 54 54 54 49 54 54 51 54 49 60 61 48 54 54 49 00 00 00 00 00 00 00 00 00 00 
00 00 00 00 00 00 00 00 00 00 05 08 08 05 11 11 11 11 11 11 11 11 11 11 11 11 11 11 11 11 11 11 04 11 11 04 04 05 04 04 05 04 04 04 11 11 11 06 11 11 04 11 11 11 11 11 11 11 11 11 11 11 54 54 54 54 54 54 54 54 54 54 49 54 54 48 54 54 54 54 54 56 54 54 54 54 55 54 54 54 48 54 54 48 54 54 54 54 48 54 54 54 54 50 54 54 50 54 54 50 00 00 00 00 00 00 00 00 00 00 
00 00 00 00 00 00 00 00 00 00 05 11 11 06 11 11 11 11 11 11 11 11 11 08 11 11 11 11 11 11 11 11 02 10 11 01 02 02 02 01 02 01 02 04 11 08 11 06 09 11 06 11 11 11 11 11 11 11 11 11 11 11 11 54 54 54 54 52 54 54 54 54 48 54 54 50 54 54 54 54 54 51 54 54 54 54 54 54 54 54 48 54 54 48 54 54 54 54 48 54 54 54 54 48 54 54 48 54 54 49 00 00 00 00 00 00 00 00 00 00 
00 00 00 00 00 00 00 00 00 00 06 09 11 05 11 11 13 11 11 10 11 11 11 11 11 11 11 11 11 11 13 11 17 11 11 17 14 15 14 14 14 14 17 05 11 11 11 05 11 11 04 05 05 05 04 05 05 05 04 06 06 04 11 54 54 54 54 51 54 54 54 54 50 54 54 48 54 54 54 54 54 54 54 52 54 54 54 54 54 54 48 54 54 49 48 48 48 48 48 54 54 54 54 48 54 54 50 52 54 50 00 00 00 00 00 00 00 00 00 00 
00 00 00 00 00 00 00 00 00 00 06 12 11 05 11 11 11 11 09 11 08 11 11 11 07 11 08 11 11 11 11 11 11 11 11 11 11 11 11 11 11 11 11 05 11 10 11 06 11 11 03 03 03 02 01 03 01 01 03 03 02 06 11 54 59 54 54 54 54 54 55 54 48 54 54 48 54 54 54 54 54 54 54 54 54 54 53 54 54 54 47 54 54 45 45 47 47 47 45 54 54 54 54 45 54 54 49 54 54 50 00 00 00 00 00 00 00 00 00 00 
00 00 00 00 00 00 00 00 00 00 06 11 11 05 11 11 11 11 10 11 11 09 10 11 11 11 10 11 09 11 11 11 04 05 05 04 04 04 04 04 04 11 11 05 11 11 11 06 11 11 17 19 20 14 17 19 15 14 17 14 14 06 11 54 54 54 57 54 54 54 54 54 48 54 54 50 54 54 54 54 54 55 54 54 54 54 54 54 54 54 60 54 54 63 61 63 61 60 61 54 52 54 54 54 54 54 49 54 54 48 00 00 00 00 00 00 00 00 00 00 
00 00 00 00 00 00 00 00 00 00 06 11 11 04 11 11 11 11 11 11 11 11 11 11 11 11 11 11 11 11 11 11 01 02 02 01 02 02 02 01 04 11 11 04 11 11 11 04 11 13 10 11 11 11 11 11 11 11 11 11 11 05 11 54 54 53 54 54 54 54 54 54 48 54 54 48 54 54 54 54 58 54 54 54 58 54 54 54 54 54 54 54 54 54 54 54 54 54 54 54 54 54 54 54 54 54 49 54 54 48 00 00 00 00 00 00 00 00 00 00 
00 00 00 00 00 00 00 00 00 00 04 11 11 05 11 11 11 11 11 11 11 11 11 11 11 11 11 11 08 11 11 11 17 17 18 15 14 19 14 17 04 11 11 05 11 11 11 05 11 11 11 11 11 09 11 11 10 11 11 11 11 05 11 54 54 54 54 54 54 54 54 54 48 54 54 48 54 54 54 54 54 54 54 54 54 54 54 54 54 54 48 48 48 50 49 50 48 49 50 48 48 50 48 49 48 48 48 54 54 48 00 00 00 00 00 00 00 00 00 00 
00 00 00 00 00 00 00 00 00 00 06 11 11 04 04 06 05 05 04 04 06 05 04 04 05 05 05 05 11 11 11 11 11 11 11 11 11 11 11 11 04 11 11 04 11 11 11 06 11 11 11 11 11 11 11 11 11 11 11 11 11 06 11 11 54 54 54 54 54 54 54 54 48 54 54 48 54 54 54 54 54 54 54 54 54 54 54 54 54 54 45 47 45 47 45 48 45 45 46 45 47 46 45 47 45 46 45 54 54 04 00 00 00 00 00 00 00 00 00 00 
00 00 00 00 00 00 00 00 00 00 05 11 07 03 01 02 03 01 02 03 01 02 01 02 03 01 01 05 11 11 04 04 04 04 04 05 04 04 05 05 04 11 11 05 04 04 06 04 05 04 06 06 04 06 06 05 06 06 06 06 06 06 11 11 11 11 11 11 11 13 11 11 05 12 11 05 11 11 10 11 11 11 11 11 11 11 11 11 11 54 61 61 60 63 61 50 60 61 62 61 64 61 65 63 60 61 63 60 54 04 00 00 00 00 00 00 00 00 00 00 
00 00 00 00 00 00 00 00 00 00 04 11 11 17 14 14 16 14 14 14 14 14 14 16 14 15 17 05 11 11 04 01 02 01 01 02 01 02 02 01 02 11 11 02 02 01 03 03 01 01 03 03 01 01 03 01 04 01 02 02 03 01 11 11 11 10 10 10 11 11 11 11 05 11 11 04 11 11 11 11 11 11 11 11 11 11 11 13 11 11 54 54 54 54 54 48 54 54 54 54 54 54 54 54 54 54 54 54 54 04 00 00 00 00 00 00 00 00 00 00 
00 00 00 00 00 00 00 00 00 00 04 11 08 11 11 11 11 11 11 11 11 11 11 11 11 11 11 05 11 11 05 17 18 14 14 14 17 18 14 19 17 11 11 19 14 14 14 16 18 20 17 14 19 15 14 17 04 19 14 17 14 14 11 11 09 08 11 11 11 11 11 11 05 11 11 04 11 11 11 11 11 11 13 08 11 11 11 09 11 11 11 11 11 11 11 05 11 11 04 05 04 05 05 05 05 04 04 11 11 05 00 00 00 00 00 00 00 00 00 00 
00 00 00 00 00 00 00 00 00 00 05 11 11 11 04 04 04 06 04 04 06 06 04 06 04 11 11 06 11 11 06 11 11 11 11 11 11 11 11 11 11 11 11 11 11 11 11 11 11 11 11 11 11 11 11 11 06 11 11 11 11 11 11 11 11 11 11 11 11 11 11 11 04 11 11 05 11 11 09 11 11 11 11 11 11 11 08 11 11 11 11 11 09 11 11 05 11 11 05 01 01 02 02 01 03 03 03 11 11 05 00 00 00 00 00 00 00 00 00 00 
00 00 00 00 00 00 00 00 00 00 04 11 11 11 04 03 01 01 03 01 02 03 01 03 04 11 11 05 11 11 04 11 11 04 04 05 05 04 04 04 04 04 04 05 05 05 05 05 04 04 04 04 04 04 11 11 04 11 11 04 05 06 05 11 11 04 05 05 04 05 11 11 05 11 07 05 11 11 11 11 11 07 11 11 11 13 11 11 11 11 11 11 11 11 11 05 11 11 05 17 14 14 14 14 15 16 17 11 11 04 00 00 00 00 00 00 00 00 00 00 
00 00 00 00 00 00 00 00 00 00 04 11 11 11 04 17 14 18 14 14 14 20 14 17 04 11 11 04 11 11 05 11 11 05 01 01 01 02 03 01 02 03 01 03 01 01 03 01 01 03 01 01 01 05 11 11 06 11 11 02 01 03 06 11 11 05 02 01 03 01 11 11 04 10 12 05 11 11 11 11 11 11 11 11 11 11 11 11 11 11 11 11 11 11 11 05 11 11 05 11 11 11 11 11 10 11 11 11 11 05 00 00 00 00 00 00 00 00 00 00 
00 00 00 00 00 00 00 00 00 00 05 11 08 11 04 11 11 11 11 11 11 11 11 11 05 11 11 06 11 11 06 11 11 05 17 14 14 18 19 14 14 19 14 16 14 20 14 14 14 18 14 15 17 05 11 11 04 11 11 17 20 14 04 11 11 04 17 20 14 17 11 11 04 11 11 05 11 11 11 11 08 11 11 11 11 11 11 11 11 11 11 11 11 11 11 05 11 11 05 11 11 11 11 11 11 11 11 11 11 05 00 00 00 00 00 00 00 00 00 00 
00 00 00 00 00 00 00 00 00 00 04 11 11 11 05 11 11 04 11 11 11 11 11 11 06 11 11 05 11 11 04 11 08 05 11 11 11 11 11 11 11 11 12 11 11 11 11 11 11 11 11 11 11 05 11 11 06 11 11 11 11 11 04 11 11 05 11 11 09 11 10 11 04 11 11 04 11 11 11 10 11 11 11 11 11 04 05 04 05 05 04 04 05 04 04 04 11 11 04 04 05 05 05 05 05 04 05 04 04 05 00 00 00 00 00 00 00 00 00 00 
00 00 00 00 00 00 00 00 00 00 06 11 11 11 04 11 11 06 11 11 11 07 11 11 06 11 11 05 11 11 04 11 11 06 11 11 11 11 11 11 11 11 12 11 11 11 11 10 11 11 11 11 11 05 11 08 04 11 11 11 11 11 06 11 11 04 11 11 11 11 10 11 04 11 11 04 11 11 11 11 11 11 11 11 11 05 01 01 01 02 02 02 03 01 02 01 11 11 01 01 03 02 02 03 01 03 02 02 01 05 00 00 00 00 00 00 00 00 00 00 
00 00 00 00 00 00 00 00 00 00 04 11 13 11 04 11 11 06 11 11 09 11 11 11 05 11 11 04 11 11 05 11 11 04 11 11 11 11 11 11 11 11 11 09 11 11 11 11 11 11 11 11 11 04 11 11 05 11 11 11 09 11 05 11 11 04 11 11 11 11 11 11 04 11 12 05 04 05 04 05 04 05 04 04 04 04 19 15 18 20 19 14 19 14 17 15 11 11 17 15 16 19 15 14 14 14 17 15 17 05 00 00 00 00 00 00 00 00 00 00 
00 00 00 00 00 00 00 00 00 00 04 11 11 11 05 11 11 06 11 11 11 11 11 11 06 11 11 05 11 11 04 11 11 04 11 11 11 11 11 11 07 11 11 11 11 11 11 11 04 04 04 05 05 05 11 11 06 11 08 09 11 11 06 11 11 04 04 05 05 05 05 05 05 11 11 05 01 01 02 01 01 02 01 02 01 05 11 11 11 11 11 11 11 11 11 11 11 11 11 11 11 11 11 11 11 11 11 11 11 05 00 00 00 00 00 00 00 00 00 00 
00 00 00 00 00 00 00 00 00 00 05 11 11 11 04 11 11 06 11 11 11 11 11 11 06 11 11 05 11 11 04 11 11 05 11 11 11 11 11 11 11 11 11 11 11 11 11 11 05 02 01 01 02 01 11 11 05 11 11 11 10 11 04 11 11 01 02 01 01 02 02 02 01 11 11 04 15 18 16 14 14 14 17 16 14 04 11 11 11 13 11 11 10 11 11 11 11 11 11 11 11 11 11 11 11 11 11 11 11 04 00 00 00 00 00 00 00 00 00 00 
00 00 00 00 00 00 00 00 00 00 05 11 08 11 05 11 11 04 05 05 04 04 05 04 06 11 11 04 11 11 05 07 11 05 11 11 11 11 11 13 11 12 11 11 08 13 11 11 05 17 15 14 14 15 11 11 06 11 11 11 11 11 06 11 11 17 14 20 14 14 19 14 18 07 11 04 11 11 11 11 11 11 11 11 11 04 11 11 11 08 11 11 11 11 11 11 12 08 11 11 11 11 11 10 11 11 11 11 11 04 00 00 00 00 00 00 00 00 00 00 
00 00 00 00 00 00 00 00 00 00 04 11 11 11 04 11 11 01 03 01 02 02 03 01 03 11 11 04 11 11 04 11 11 06 11 11 11 11 12 11 09 11 11 11 11 11 11 11 05 11 11 11 11 11 11 11 05 11 11 11 11 11 05 11 11 11 11 11 11 11 11 11 11 11 11 04 11 11 04 05 04 05 04 11 11 04 11 11 11 11 11 11 11 11 08 11 11 11 09 11 11 11 11 10 13 11 11 11 11 04 00 00 00 00 00 00 00 00 00 00 
00 00 00 00 00 00 00 00 00 00 06 11 11 11 04 11 11 17 14 16 19 15 14 17 19 11 11 04 11 11 05 11 11 06 11 11 11 11 11 11 11 11 11 11 09 11 11 11 05 11 11 09 11 11 11 11 04 06 05 05 04 04 06 11 11 04 04 04 06 06 06 06 04 11 11 04 11 11 01 02 02 01 04 11 11 04 11 11 11 10 11 11 11 11 11 10 11 11 09 09 11 11 11 11 11 11 11 11 11 04 00 00 00 00 00 00 00 00 00 00 
00 00 00 00 00 00 00 00 00 00 04 11 13 11 04 11 11 11 11 11 11 11 11 11 11 11 11 04 11 11 05 11 11 05 11 11 11 11 11 11 11 12 11 11 12 11 11 11 05 11 10 11 11 11 10 11 01 03 02 01 01 01 02 11 11 01 02 02 01 01 02 01 04 11 11 05 11 11 17 15 18 17 04 11 11 04 11 11 11 09 11 11 11 11 11 11 11 11 09 11 10 11 11 11 08 11 11 11 11 04 00 00 00 00 00 00 00 00 00 00 
00 00 00 00 00 00 00 00 00 00 05 11 11 11 04 04 04 04 04 04 04 04 05 05 04 05 04 05 11 11 04 11 11 05 11 11 11 11 13 08 11 11 11 10 11 11 12 11 04 11 11 11 11 11 08 11 17 14 14 14 14 14 17 11 11 17 14 17 14 14 14 17 06 11 11 04 11 11 11 11 11 11 04 11 11 04 11 11 11 11 11 11 11 13 11 11 11 11 11 11 11 11 11 13 11 11 11 11 11 04 00 00 00 00 00 00 00 00 00 00 
00 00 00 00 00 00 00 00 00 00 05 11 08 11 01 03 01 03 01 01 03 01 03 01 01 03 01 01 11 11 01 11 11 05 11 11 11 11 11 11 11 11 11 11 11 11 11 11 04 11 11 11 11 11 11 11 11 11 11 11 11 11 11 11 11 11 11 11 11 11 11 11 04 11 11 05 11 11 11 11 11 11 04 11 11 04 11 11 11 11 11 11 11 11 11 11 11 09 11 11 11 11 11 11 11 11 11 11 11 04 00 00 00 00 00 00 00 00 00 00 
00 00 00 00 00 00 00 00 00 00 06 11 11 08 17 14 15 14 14 19 14 14 14 14 14 14 15 14 11 11 15 11 11 04 11 11 11 11 11 11 09 11 11 10 11 11 11 11 05 04 05 05 04 04 05 04 04 04 04 05 05 05 05 11 11 21 11 11 11 11 10 11 04 10 11 05 05 04 05 05 05 05 04 11 11 04 04 04 04 04 04 11 11 11 11 11 11 11 11 11 11 11 11 11 11 11 11 11 11 04 00 00 00 00 00 00 00 00 00 00 
00 00 00 00 00 00 00 00 00 00 05 11 11 11 11 11 11 11 11 11 11 11 11 11 11 11 11 11 11 11 11 11 11 05 11 11 11 07 12 11 11 11 12 11 11 11 11 11 01 01 01 03 01 03 03 01 01 02 02 02 01 01 05 11 11 05 11 11 08 11 11 11 06 11 11 02 02 02 01 02 01 02 01 11 11 01 02 02 02 02 04 11 11 11 11 11 11 10 11 11 11 11 11 11 11 11 11 11 11 04 00 00 00 00 00 00 00 00 00 00 
00 00 00 00 00 00 00 00 00 00 05 04 06 04 05 06 11 11 04 05 05 04 05 05 05 05 05 05 04 04 04 04 05 05 11 11 11 11 11 11 11 11 11 11 11 11 11 07 16 16 14 15 14 14 14 16 19 15 14 14 15 14 05 11 11 05 11 11 07 11 09 11 06 11 11 17 15 18 18 16 14 14 14 11 12 17 14 14 14 15 04 11 11 11 11 11 11 11 11 11 11 11 11 11 11 11 11 11 11 04 00 00 00 00 00 00 00 00 00 00 
00 00 00 00 00 00 00 00 00 00 05 01 02 01 02 05 11 11 01 01 01 01 02 01 03 01 01 01 01 03 01 01 03 03 11 11 11 11 11 11 11 11 11 11 11 11 11 11 11 11 11 11 11 11 11 11 11 11 11 11 11 11 05 11 10 04 11 11 11 11 11 11 06 11 11 11 11 11 11 11 11 11 11 11 11 11 11 11 11 11 04 04 05 04 05 05 04 11 11 04 05 05 05 05 04 04 04 11 11 04 00 00 00 00 00 00 00 00 00 00 
00 00 00 00 00 00 00 00 00 00 04 19 15 16 18 06 11 11 17 19 14 14 14 14 19 18 14 19 17 18 15 14 14 14 11 11 11 11 11 11 11 11 11 11 11 11 11 11 11 11 11 11 11 11 11 11 11 11 11 11 11 11 05 13 11 04 11 11 11 12 11 11 06 11 11 10 11 11 11 11 11 11 11 11 11 11 11 11 11 11 01 02 02 02 01 01 04 11 11 04 01 02 02 01 02 01 01 11 11 04 00 00 00 00 00 00 00 00 00 00 
00 00 00 00 00 00 00 00 00 00 04 11 11 11 11 05 11 11 11 11 11 11 11 11 11 11 11 11 11 11 11 11 11 11 11 11 04 11 11 11 06 06 04 06 04 05 05 05 05 05 05 06 06 06 06 06 04 04 04 06 06 06 06 12 11 05 04 05 05 05 06 06 06 06 06 04 05 05 05 04 06 06 06 05 05 05 05 11 11 11 18 16 14 14 17 15 04 11 11 05 17 15 18 14 17 14 17 11 11 04 00 00 00 00 00 00 00 00 00 00 
00 00 00 00 00 00 00 00 00 00 04 11 11 11 11 01 11 11 04 05 05 04 05 05 05 05 05 04 04 05 04 05 04 04 11 11 06 11 11 11 05 01 03 01 01 01 03 01 01 01 01 01 01 01 02 02 02 02 01 01 01 01 01 11 07 01 01 01 02 02 02 02 02 02 02 01 01 01 01 02 03 02 01 03 02 02 06 11 11 11 11 11 07 11 11 11 04 11 11 04 11 11 11 11 11 11 11 11 11 04 00 00 00 00 00 00 00 00 00 00 
00 00 00 00 00 00 00 00 00 00 04 11 11 11 11 14 11 11 04 01 02 01 01 02 01 02 01 01 01 01 01 01 01 05 11 11 04 11 11 11 05 18 14 15 14 14 19 14 14 16 18 19 18 14 18 17 14 15 17 14 15 14 17 11 11 19 17 15 14 14 18 19 14 16 14 19 14 14 14 14 15 17 16 15 19 19 06 11 11 11 11 11 11 11 11 11 04 11 11 05 11 11 11 11 11 11 11 11 11 04 00 00 00 00 00 00 00 00 00 00 
00 00 00 00 00 00 00 00 00 00 05 11 08 11 11 11 07 11 05 19 18 14 14 17 14 14 17 14 15 14 14 18 19 06 11 11 06 11 11 11 05 11 11 11 11 11 11 11 11 11 11 11 11 11 11 11 11 11 11 11 11 12 11 07 11 11 11 11 11 11 11 11 11 11 11 11 11 11 11 11 11 11 10 11 11 11 06 04 04 06 06 04 04 05 05 05 05 11 11 04 05 05 05 05 05 05 05 05 04 05 00 00 00 00 00 00 00 00 00 00 
00 00 00 00 00 00 00 00 00 00 05 11 10 11 11 04 11 11 05 11 11 04 06 06 06 05 06 04 04 05 04 11 11 06 11 11 05 11 11 11 06 11 11 11 09 11 11 11 08 11 11 11 11 11 11 11 11 11 11 11 11 10 11 12 11 11 11 11 11 11 11 11 11 11 11 11 11 11 11 11 11 11 11 11 11 11 04 01 01 01 03 01 01 02 03 03 01 11 11 01 01 03 03 03 03 02 03 02 01 05 00 00 00 00 00 00 00 00 00 00 
00 00 00 00 00 00 00 00 00 00 04 11 12 11 11 05 11 11 05 11 11 04 01 01 01 01 02 01 01 01 02 11 11 04 11 11 04 11 07 11 04 11 11 11 11 11 11 12 08 11 08 11 11 11 09 11 11 11 10 11 11 12 11 11 07 11 11 11 11 09 10 09 11 11 11 11 13 11 09 11 08 11 11 11 11 11 05 19 19 15 19 14 14 14 16 15 19 11 11 19 14 15 14 14 14 17 15 16 19 04 00 00 00 00 00 00 00 00 00 00 
00 00 00 00 00 00 00 00 00 00 05 11 11 11 11 05 11 11 05 11 11 06 15 14 18 19 14 16 14 15 20 11 11 05 11 11 06 11 11 11 06 11 11 11 11 11 11 11 11 11 11 11 11 11 11 11 11 11 11 11 11 11 11 13 11 11 09 11 11 11 08 11 11 11 08 11 11 11 11 11 11 11 11 08 11 11 06 11 11 11 11 11 11 10 11 11 11 11 11 11 11 11 11 11 11 11 11 11 11 05 00 00 00 00 00 00 00 00 00 00 
00 00 00 00 00 00 00 00 00 00 06 11 11 11 11 04 11 11 05 07 11 05 11 11 11 11 11 11 11 11 11 11 11 05 11 11 05 11 11 11 05 11 11 11 11 11 08 11 11 11 11 08 11 11 11 11 09 08 11 11 11 11 11 10 11 11 11 10 11 11 11 11 13 10 11 11 11 11 11 08 11 11 09 11 11 11 06 11 11 11 11 11 11 11 11 11 11 11 11 11 11 11 11 11 11 11 12 11 11 04 00 00 00 00 00 00 00 00 00 00 
00 00 00 00 00 00 00 00 00 00 05 05 05 05 05 04 11 11 05 11 11 04 05 05 05 04 06 06 06 05 05 06 04 04 11 11 06 11 11 11 06 11 11 11 11 11 08 11 11 11 11 11 11 11 11 11 11 11 08 11 11 11 11 11 07 11 11 11 11 11 10 11 11 11 11 12 11 11 11 10 10 11 11 11 11 11 05 11 11 11 11 11 13 11 11 11 11 11 10 11 11 07 11 11 08 11 11 11 11 04 00 00 00 00 00 00 00 00 00 00 
00 00 00 00 00 00 00 00 00 00 05 01 02 02 02 02 11 11 05 11 11 01 01 02 01 01 02 01 01 01 01 01 01 01 11 11 05 11 11 11 05 11 11 08 11 11 11 11 11 11 11 11 11 11 11 11 11 11 11 11 11 11 11 11 11 11 11 11 11 11 11 11 11 11 11 09 11 11 11 11 11 09 11 11 11 11 05 11 11 11 10 11 11 11 11 11 09 11 11 11 11 11 11 11 11 13 11 11 11 05 00 00 00 00 00 00 00 00 00 00 
00 00 00 00 00 00 00 00 00 00 06 19 16 15 14 19 11 11 04 11 11 19 14 14 15 14 18 14 16 14 14 19 14 14 11 11 04 11 11 11 06 11 11 11 11 11 11 11 11 11 11 13 11 11 11 11 12 11 11 11 11 11 11 11 11 11 08 11 11 11 11 11 11 11 11 11 11 11 11 11 11 11 11 11 11 11 05 11 11 11 11 11 11 11 11 11 11 11 11 11 11 11 11 11 11 11 11 11 11 05 00 00 00 00 00 00 00 00 00 00 
00 00 00 00 00 00 00 00 00 00 04 11 11 11 11 11 11 11 04 11 11 11 11 11 11 11 11 11 11 11 11 11 11 11 11 11 04 11 11 11 04 11 11 11 11 11 11 11 11 11 11 11 11 11 11 11 11 11 11 11 11 11 11 11 11 11 11 11 11 11 11 11 11 11 11 11 11 11 11 11 11 11 11 11 11 11 05 11 11 11 11 11 11 11 11 13 11 11 11 11 11 10 11 11 11 11 11 11 11 05 00 00 00 00 00 00 00 00 00 00 
00 00 00 00 00 00 00 00 00 00 05 05 05 06 04 05 04 05 05 05 05 06 04 04 06 04 05 05 04 06 06 06 06 06 04 05 06 05 06 04 05 05 06 04 06 04 04 04 06 06 04 04 06 04 04 06 04 04 06 04 04 05 05 05 05 06 05 05 05 06 06 05 06 05 05 06 04 05 05 05 05 06 04 05 05 05 05 04 04 05 05 05 05 05 05 05 04 04 04 04 04 04 06 05 05 06 05 06 05 05 00 00 00 00 00 00 00 00 00 00 
00 00 00 00 00 00 00 00 00 00 01 01 03 02 03 02 01 02 02 02 01 03 02 03 03 03 03 03 02 01 03 03 01 03 01 01 02 02 01 02 02 02 02 02 02 01 03 03 02 02 02 02 02 02 03 03 01 01 01 03 01 01 03 03 03 03 03 03 03 03 03 02 02 01 01 01 01 02 01 02 02 03 03 02 03 03 01 02 01 02 02 03 01 02 02 02 02 02 03 02 02 02 02 03 01 02 01 02 02 02 00 00 00 00 00 00 00 00 00 00 
00 00 00 00 00 00 00 00 00 00 00 00 00 00 00 00 00 00 00 00 00 00 00 00 00 00 00 00 00 00 00 00 00 00 00 00 00 00 00 00 00 00 00 00 00 00 00 00 00 00 00 00 00 00 00 00 00 00 00 00 00 00 00 00 00 00 00 00 00 00 00 00 00 00 00 00 00 00 00 00 00 00 00 00 00 00 00 00 00 00 00 00 00 00 00 00 00 00 00 00 00 00 00 00 00 00 00 00 00 00 00 00 00 00 00 00 00 00 00 00 
00 00 00 00 00 00 00 00 00 00 00 00 00 00 00 00 00 00 00 00 00 00 00 00 00 00 00 00 00 00 00 00 00 00 00 00 00 00 00 00 00 00 00 00 00 00 00 00 00 00 00 00 00 00 00 00 00 00 00 00 00 00 00 00 00 00 00 00 00 00 00 00 00 00 00 00 00 00 00 00 00 00 00 00 00 00 00 00 00 00 00 00 00 00 00 00 00 00 00 00 00 00 00 00 00 00 00 00 00 00 00 00 00 00 00 00 00 00 00 00 
00 00 00 00 00 00 00 00 00 00 00 00 00 00 00 00 00 00 00 00 00 00 00 00 00 00 00 00 00 00 00 00 00 00 00 00 00 00 00 00 00 00 00 00 00 00 00 00 00 00 00 00 00 00 00 00 00 00 00 00 00 00 00 00 00 00 00 00 00 00 00 00 00 00 00 00 00 00 00 00 00 00 00 00 00 00 00 00 00 00 00 00 00 00 00 00 00 00 00 00 00 00 00 00 00 00 00 00 00 00 00 00 00 00 00 00 00 00 00 00 
00 00 00 00 00 00 00 00 00 00 00 00 00 00 00 00 00 00 00 00 00 00 00 00 00 00 00 00 00 00 00 00 00 00 00 00 00 00 00 00 00 00 00 00 00 00 00 00 00 00 00 00 00 00 00 00 00 00 00 00 00 00 00 00 00 00 00 00 00 00 00 00 00 00 00 00 00 00 00 00 00 00 00 00 00 00 00 00 00 00 00 00 00 00 00 00 00 00 00 00 00 00 00 00 00 00 00 00 00 00 00 00 00 00 00 00 00 00 00 00 
00 00 00 00 00 00 00 00 00 00 00 00 00 00 00 00 00 00 00 00 00 00 00 00 00 00 00 00 00 00 00 00 00 00 00 00 00 00 00 00 00 00 00 00 00 00 00 00 00 00 00 00 00 00 00 00 00 00 00 00 00 00 00 00 00 00 00 00 00 00 00 00 00 00 00 00 00 00 00 00 00 00 00 00 00 00 00 00 00 00 00 00 00 00 00 00 00 00 00 00 00 00 00 00 00 00 00 00 00 00 00 00 00 00 00 00 00 00 00 00 
00 00 00 00 00 00 00 00 00 00 00 00 00 00 00 00 00 00 00 00 00 00 00 00 00 00 00 00 00 00 00 00 00 00 00 00 00 00 00 00 00 00 00 00 00 00 00 00 00 00 00 00 00 00 00 00 00 00 00 00 00 00 00 00 00 00 00 00 00 00 00 00 00 00 00 00 00 00 00 00 00 00 00 00 00 00 00 00 00 00 00 00 00 00 00 00 00 00 00 00 00 00 00 00 00 00 00 00 00 00 00 00 00 00 00 00 00 00 00 00 
00 00 00 00 00 00 00 00 00 00 00 00 00 00 00 00 00 00 00 00 00 00 00 00 00 00 00 00 00 00 00 00 00 00 00 00 00 00 00 00 00 00 00 00 00 00 00 00 00 00 00 00 00 00 00 00 00 00 00 00 00 00 00 00 00 00 00 00 00 00 00 00 00 00 00 00 00 00 00 00 00 00 00 00 00 00 00 00 00 00 00 00 00 00 00 00 00 00 00 00 00 00 00 00 00 00 00 00 00 00 00 00 00 00 00 00 00 00 00 00 
00 00 00 00 00 00 00 00 00 00 00 00 00 00 00 00 00 00 00 00 00 00 00 00 00 00 00 00 00 00 00 00 00 00 00 00 00 00 00 00 00 00 00 00 00 00 00 00 00 00 00 00 00 00 00 00 00 00 00 00 00 00 00 00 00 00 00 00 00 00 00 00 00 00 00 00 00 00 00 00 00 00 00 00 00 00 00 00 00 00 00 00 00 00 00 00 00 00 00 00 00 00 00 00 00 00 00 00 00 00 00 00 00 00 00 00 00 00 00 00 
00 00 00 00 00 00 00 00 00 00 00 00 00 00 00 00 00 00 00 00 00 00 00 00 00 00 00 00 00 00 00 00 00 00 00 00 00 00 00 00 00 00 00 00 00 00 00 00 00 00 00 00 00 00 00 00 00 00 00 00 00 00 00 00 00 00 00 00 00 00 00 00 00 00 00 00 00 00 00 00 00 00 00 00 00 00 00 00 00 00 00 00 00 00 00 00 00 00 00 00 00 00 00 00 00 00 00 00 00 00 00 00 00 00 00 00 00 00 00 00 
00 00 00 00 00 00 00 00 00 00 00 00 00 00 00 00 00 00 00 00 00 00 00 00 00 00 00 00 00 00 00 00 00 00 00 00 00 00 00 00 00 00 00 00 00 00 00 00 00 00 00 00 00 00 00 00 00 00 00 00 00 00 00 00 00 00 00 00 00 00 00 00 00 00 00 00 00 00 00 00 00 00 00 00 00 00 00 00 00 00 00 00 00 00 00 00 00 00 00 00 00 00 00 00 00 00 00 00 00 00 00 00 00 00 00 00 00 00 00 00 
00 00 00 00 00 00 00 00 00 00 00 00 00 00 00 00 00 00 00 00 00 00 00 00 00 00 00 00 00 00 00 00 00 00 00 00 00 00 00 00 00 00 00 00 00 00 00 00 00 00 00 00 00 00 00 00 00 00 00 00 00 00 00 00 00 00 00 00 00 00 00 00 00 00 00 00 00 00 00 00 00 00 00 00 00 00 00 00 00 00 00 00 00 00 00 00 00 00 00 00 00 00 00 00 00 00 00 00 00 00 00 00 00 00 00 00 00 00 00 00 