0 0 0 0 0 0 0 0 0 0 0 0 0 0 0 0 0 0 0 0 0 0 0 0 0 0 0 0 0 0 0 0 0 0 0 0 0 0 0 0 0 0 0 0 0 0 0 0 0 0 0 0 0 0 0 0 0 0 0 0 0 0 0 0 0 0 0 0 0 0 0 0 0 0 0 0 0 0 0 0 0 0 0 0 0 0 0 0 0 0 0 0 0 0 0 0 0 0 0 0 0 0 0 0 0 0 0 0 0 0 0 0 0 0 0 0 0 0 0 0 
0 0 0 0 0 0 0 0 0 0 0 0 0 0 0 0 0 0 0 0 0 0 0 0 0 0 0 0 0 0 0 0 0 0 0 0 0 0 0 0 0 0 0 0 0 0 0 0 0 0 0 0 0 0 0 0 0 0 0 0 0 0 0 0 0 0 0 0 0 0 0 0 0 0 0 0 0 0 0 0 0 0 0 0 0 0 0 0 0 0 0 0 0 0 0 0 0 0 0 0 0 0 0 0 0 0 0 0 0 0 0 0 0 0 0 0 0 0 0 0 
0 0 0 0 0 0 0 0 0 0 0 0 0 0 0 0 0 0 0 0 0 0 0 0 0 0 0 0 0 0 0 0 0 0 0 0 0 0 0 0 0 0 0 0 0 0 0 0 0 0 0 0 0 0 0 0 0 0 0 0 0 0 0 0 0 0 0 0 0 0 0 0 0 0 0 0 0 0 0 0 0 0 0 0 0 0 0 0 0 0 0 0 0 0 0 0 0 0 0 0 0 0 0 0 0 0 0 0 0 0 0 0 0 0 0 0 0 0 0 0 
0 0 0 0 0 0 0 0 0 0 0 0 0 0 0 0 0 0 0 0 0 0 0 0 0 0 0 0 0 0 0 0 0 0 0 0 0 0 0 0 0 0 0 0 0 0 0 0 0 0 0 0 0 0 0 0 0 0 0 0 0 0 0 0 0 0 0 0 0 0 0 0 0 0 0 0 0 0 0 0 0 0 0 0 0 0 0 0 0 0 0 0 0 0 0 0 0 0 0 0 0 0 0 0 0 0 0 0 0 0 0 0 0 0 0 0 0 0 0 0 
0 0 0 0 0 0 0 0 0 0 0 0 0 0 0 0 0 0 0 0 0 0 0 0 0 0 0 0 0 0 0 0 0 0 0 0 0 0 0 0 0 0 0 0 0 0 0 0 0 0 0 0 0 0 0 0 0 0 0 0 0 0 0 0 0 0 0 0 0 0 0 0 0 0 0 0 0 0 0 0 0 0 0 0 0 0 0 0 0 0 0 0 0 0 0 0 0 0 0 0 0 0 0 0 0 0 0 0 0 0 0 0 0 0 0 0 0 0 0 0 
0 0 0 0 0 0 0 0 0 0 0 0 0 0 0 0 0 0 0 0 0 0 0 0 0 0 0 0 0 0 0 0 0 0 0 0 0 0 0 0 0 0 0 0 0 0 0 0 0 0 0 0 0 0 0 0 0 0 0 0 0 0 0 0 0 0 0 0 0 0 0 0 0 0 0 0 0 0 0 0 0 0 0 0 0 0 0 0 0 0 0 0 0 0 0 0 0 0 0 0 0 0 0 0 0 0 0 0 0 0 0 0 0 0 0 0 0 0 0 0 
0 0 0 0 0 0 0 0 0 0 0 0 0 0 0 0 0 0 0 0 0 0 0 0 0 0 0 0 0 0 0 0 0 0 0 0 0 0 0 0 0 0 0 0 0 0 0 0 0 0 0 0 0 0 0 0 0 0 0 0 0 0 0 0 0 0 0 0 0 0 0 0 0 0 0 0 0 0 0 0 0 0 0 0 0 0 0 0 0 0 0 0 0 0 0 0 0 0 0 0 0 0 0 0 0 0 0 0 0 0 0 0 0 0 0 0 0 0 0 0 
0 0 0 0 0 0 0 0 0 0 0 0 0 0 0 0 0 0 0 0 0 0 0 0 0 0 0 0 0 0 0 0 0 0 0 0 0 0 0 0 0 0 0 0 0 0 0 0 0 0 0 0 0 0 0 0 0 0 0 0 0 0 0 0 0 0 0 0 0 0 0 0 0 0 0 0 0 0 0 0 0 0 0 0 0 0 0 0 0 0 0 0 0 0 0 0 0 0 0 0 0 0 0 0 0 0 0 0 0 0 0 0 0 0 0 0 0 0 0 0 
0 0 0 0 0 0 0 0 0 0 0 0 0 0 0 0 0 0 0 0 0 0 0 0 0 0 0 0 0 0 0 0 0 0 0 0 0 0 0 0 0 0 0 0 0 0 0 0 0 0 0 0 0 0 0 0 0 0 0 0 0 0 0 0 0 0 0 0 0 0 0 0 0 0 0 0 0 0 0 0 0 0 0 0 0 0 0 0 0 0 0 0 0 0 0 0 0 0 0 0 0 0 0 0 0 0 0 0 0 0 0 0 0 0 0 0 0 0 0 0 
0 0 0 0 0 0 0 0 0 0 0 0 0 0 0 0 0 0 0 0 0 0 0 0 0 0 0 0 0 0 0 0 0 0 0 0 0 0 0 0 0 0 0 0 0 0 0 0 0 0 0 0 0 0 0 0 0 0 0 0 0 0 0 0 0 0 0 0 0 0 0 0 0 0 0 0 0 0 0 0 0 0 0 0 0 0 0 0 0 0 0 0 0 0 0 0 0 0 0 0 0 0 0 0 0 0 0 0 0 0 0 0 0 0 0 0 0 0 0 0 
0 0 0 0 0 0 0 0 0 0 24 24 25 26 25 25 26 25 24 26 25 25 25 25 25 26 25 25 25 25 24 24 24 24 24 25 25 25 25 24 25 25 25 24 24 25 25 25 26 25 25 25 25 25 25 25 24 24 24 26 25 25 25 25 24 25 26 25 25 25 25 25 26 25 24 26 24 26 24 24 48 50 48 48 50 50 48 48 48 48 48 49 50 48 49 50 49 49 48 50 49 48 48 49 49 48 49 50 48 50 0 0 0 0 0 0 0 0 0 0 
0 0 0 0 0 0 0 0 0 0 24 27 27 28 28 28 29 28 28 28 28 27 29 27 29 29 27 27 29 29 29 27 27 29 29 28 29 28 27 27 24 28 27 24 27 27 27 28 28 27 27 27 24 29 29 24 27 27 27 27 27 27 27 29 29 28 28 28 29 29 28 28 28 27 28 28 29 29 29 28 48 45 46 45 47 45 47 47 47 47 47 47 45 45 46 47 45 47 46 46 45 45 45 48 45 45 47 45 46 48 0 0 0 0 0 0 0 0 0 0 
0 0 0 0 0 0 0 0 0 0 24 43 40 41 40 44 43 42 43 42 43 44 43 43 43 42 40 31 43 42 43 31 41 44 31 31 42 44 43 43 24 43 40 24 43 43 43 44 40 31 42 43 25 40 43 24 43 31 41 44 31 44 44 43 44 43 44 44 31 31 31 40 31 43 43 43 41 41 43 43 48 61 61 60 61 64 61 60 61 61 62 69 61 63 61 61 61 62 61 61 61 61 62 50 61 61 63 61 64 48 0 0 0 0 0 0 0 0 0 0 
0 0 0 0 0 0 0 0 0 0 25 30 30 30 30 30 30 30 30 30 30 30 30 30 30 30 30 30 30 30 30 39 39 30 35 39 30 36 30 30 24 30 30 24 30 30 30 30 30 30 30 30 24 30 30 24 30 30 30 30 30 30 30 30 30 30 30 30 30 30 30 30 30 30 30 30 30 30 30 30 49 54 54 54 54 54 54 54 54 54 57 54 54 54 54 54 54 54 54 54 54 54 54 48 54 54 54 54 54 48 0 0 0 0 0 0 0 0 0 0 
0 0 0 0 0 0 0 0 0 0 24 30 39 30 30 37 30 39 30 30 30 30 30 30 38 30 30 30 30 30 30 39 30 30 30 38 30 30 30 30 24 30 30 24 30 30 30 38 38 38 30 30 24 30 30 24 30 30 24 25 24 26 26 25 24 26 25 25 24 30 30 30 30 30 39 30 30 30 30 30 50 54 54 54 54 54 54 54 54 53 54 54 54 54 54 54 54 54 54 54 54 54 54 49 54 57 57 54 54 50 0 0 0 0 0 0 0 0 0 0 
0 0 0 0 0 0 0 0 0 0 24 30 30 30 30 30 30 30 30 38 30 30 39 30 30 30 30 30 30 30 30 30 30 30 30 30 30 30 30 30 24 30 30 24 30 30 30 30 30 30 30 30 25 30 30 24 30 30 26 27 27 28 29 28 28 29 29 27 24 30 30 30 36 36 30 36 38 30 30 30 48 54 54 54 54 54 54 54 54 55 54 54 54 51 54 54 54 54 54 54 54 54 54 50 54 54 51 54 54 48 0 0 0 0 0 0 0 0 0 0 
0 0 0 0 0 0 0 0 0 0 25 30 30 37 30 30 39 37 30 30 30 30 30 30 35 30 30 24 24 24 24 24 24 24 24 24 24 24 30 30 24 30 30 24 24 24 24 30 30 24 24 25 24 30 30 24 30 30 24 43 43 42 43 43 31 43 31 43 24 30 30 30 30 30 35 37 38 30 30 30 50 54 54 54 54 54 54 54 54 54 54 54 54 54 54 52 54 54 54 54 54 54 54 49 54 54 54 53 54 49 0 0 0 0 0 0 0 0 0 0 
0 0 0 0 0 0 0 0 0 0 25 30 30 35 30 30 30 30 30 30 30 30 30 30 30 30 30 24 27 27 28 29 29 29 29 28 27 24 30 30 24 30 30 28 28 27 24 30 30 27 28 28 27 30 30 24 30 30 26 30 30 30 38 30 30 30 30 30 24 30 30 30 30 30 30 30 30 30 30 30 48 54 54 54 54 54 54 54 54 54 54 54 54 54 54 54 54 54 54 54 54 54 54 48 54 54 52 54 54 48 0 0 0 0 0 0 0 0 0 0 
0 0 0 0 0 0 0 0 0 0 25 30 30 30 30 30 39 30 30 30 38 30 39 30 30 39 30 24 43 42 43 44 41 31 44 40 43 24 30 30 24 30 30 43 44 41 24 30 30 44 43 43 42 30 30 24 30 30 25 30 30 30 38 30 36 30 30 30 24 24 25 26 26 26 26 25 25 26 25 24 49 48 48 50 48 50 49 48 48 49 48 54 54 54 54 48 50 48 54 54 54 48 50 49 54 54 54 54 54 49 0 0 0 0 0 0 0 0 0 0 
0 0 0 0 0 0 0 0 0 0 24 30 30 30 30 30 30 30 30 30 30 30 30 30 30 30 30 24 30 30 30 30 30 30 30 30 30 24 30 30 24 30 30 30 30 30 24 30 30 30 30 30 30 30 30 24 30 30 26 30 30 30 30 30 30 30 30 30 27 27 28 28 28 27 28 28 28 29 29 27 45 45 46 47 45 46 47 46 46 45 48 54 54 54 54 48 45 45 54 54 54 45 47 46 54 54 54 54 54 48 0 0 0 0 0 0 0 0 0 0 
0 0 0 0 0 0 0 0 0 0 25 26 25 25 30 30 24 24 24 24 24 24 24 24 24 24 24 24 30 30 30 30 30 30 30 30 30 24 30 30 24 30 30 30 30 30 24 30 30 24 24 24 25 25 25 25 30 30 24 26 24 25 26 24 24 24 30 30 43 31 31 43 41 43 42 31 31 41 43 43 64 61 61 60 61 60 61 61 61 61 48 54 54 54 54 49 61 60 54 54 54 61 60 63 54 54 54 54 54 49 0 0 0 0 0 0 0 0 0 0 
0 0 0 0 0 0 0 0 0 0 24 27 27 24 30 30 24 27 27 27 29 27 29 28 28 27 29 27 30 30 30 36 30 30 30 30 30 24 30 30 26 25 25 26 30 30 24 30 30 27 27 27 28 28 28 27 30 30 27 27 27 29 29 29 27 27 30 30 30 37 30 30 30 30 37 30 30 30 30 30 54 54 54 54 54 54 54 54 54 54 48 54 54 54 54 48 54 54 54 54 54 54 54 54 54 54 54 54 54 49 0 0 0 0 0 0 0 0 0 0 
0 0 0 0 0 0 0 0 0 0 25 41 42 24 30 30 24 43 41 44 31 31 31 41 42 44 44 44 30 30 30 30 30 30 39 30 30 24 30 30 25 28 28 24 30 30 24 30 30 41 41 43 43 43 40 41 39 30 43 41 42 31 41 31 43 41 30 30 30 30 30 30 30 30 30 30 30 30 30 54 54 54 54 54 54 54 54 56 54 54 49 54 54 54 54 48 54 54 54 54 54 54 54 54 54 54 51 54 54 48 0 0 0 0 0 0 0 0 0 0 
0 0 0 0 0 0 0 0 0 0 26 30 30 25 36 30 24 30 30 30 30 30 30 30 30 30 30 30 30 30 30 30 36 30 39 30 30 25 30 30 25 42 41 24 30 30 24 30 30 30 30 30 30 30 30 30 30 30 30 30 30 30 30 30 30 30 30 30 30 30 30 54 54 54 54 54 54 54 54 54 54 54 54 54 57 54 54 54 54 54 48 54 54 54 54 50 54 54 54 54 54 54 53 54 54 54 55 54 54 48 0 0 0 0 0 0 0 0 0 0 
0 0 0 0 0 0 0 0 0 0 25 30 30 25 30 30 24 30 30 30 30 30 35 30 30 30 30 30 30 30 39 30 30 30 30 30 30 24 30 30 26 30 36 26 30 30 24 26 26 25 25 26 25 25 26 24 26 26 26 30 30 30 30 30 30 30 30 33 30 30 54 54 54 54 54 54 54 54 54 54 54 51 54 54 54 54 54 54 54 54 48 54 54 54 54 49 54 54 54 54 54 54 52 54 54 54 54 54 54 49 0 0 0 0 0 0 0 0 0 0 
0 0 0 0 0 0 0 0 0 0 25 30 30 24 30 30 24 30 30 37 36 36 35 30 30 24 24 24 34 30 30 30 30 30 30 30 30 25 30 30 26 30 30 24 30 30 27 27 27 28 28 28 28 28 27 24 27 28 24 30 30 30 30 36 30 30 30 26 30 30 54 54 55 54 54 54 54 54 54 54 54 54 54 54 54 54 54 54 54 54 49 54 54 54 54 48 54 54 54 54 54 54 54 54 54 54 54 54 54 49 0 0 0 0 0 0 0 0 0 0 
0 0 0 0 0 0 0 0 0 0 24 30 30 24 30 37 24 30 30 30 30 36 30 30 30 24 27 27 24 30 30 30 30 30 30 30 30 24 30 36 24 30 30 24 30 30 43 42 40 43 42 40 43 40 43 24 43 42 24 30 36 36 30 30 36 37 30 24 30 30 54 54 54 54 54 54 54 54 54 54 54 54 54 54 54 54 54 54 54 54 48 54 54 54 54 49 54 54 54 54 54 54 54 54 54 54 54 54 54 49 0 0 0 0 0 0 0 0 0 0 
0 0 0 0 0 0 0 0 0 0 24 30 30 24 30 30 24 30 30 30 30 30 30 30 30 24 41 41 24 30 30 30 39 30 30 30 30 24 30 30 24 30 30 24 30 30 30 30 36 36 30 30 30 30 30 24 30 30 24 30 30 30 30 30 30 30 30 26 30 30 54 54 54 54 54 48 48 48 48 48 48 48 48 50 48 48 48 48 48 50 48 54 54 54 54 48 48 49 48 48 48 48 49 49 48 48 50 48 48 50 0 0 0 0 0 0 0 0 0 0 
0 0 0 0 0 0 0 0 0 0 25 30 30 24 38 30 24 30 30 30 30 30 30 30 30 24 30 30 24 30 30 30 30 30 24 24 26 26 30 30 24 30 30 24 30 30 30 30 30 30 30 30 30 30 30 24 30 30 24 30 30 30 30 30 30 30 30 25 30 30 54 57 54 54 54 48 45 45 47 46 45 45 47 46 46 46 45 47 45 47 45 54 54 54 54 45 47 45 45 46 45 47 46 46 46 46 46 47 45 48 0 0 0 0 0 0 0 0 0 0 
0 0 0 0 0 0 0 0 0 0 25 30 37 24 30 30 24 24 24 24 24 24 24 24 24 24 30 30 24 30 30 30 30 30 24 27 27 27 30 30 24 30 30 24 30 30 30 38 35 30 30 37 30 30 30 24 30 30 24 30 30 30 35 38 30 30 30 24 30 37 54 54 54 54 54 48 64 61 63 61 61 60 61 65 61 60 63 61 61 60 61 54 54 54 54 61 63 64 61 61 60 60 61 63 61 61 61 61 62 48 0 0 0 0 0 0 0 0 0 0 
0 0 0 0 0 0 0 0 0 0 24 30 30 24 30 30 27 27 28 27 27 28 27 27 27 27 30 30 24 30 30 30 30 30 24 43 43 43 30 30 28 30 30 28 30 30 35 37 38 30 30 30 30 30 30 24 30 30 24 30 30 30 30 36 30 30 30 25 30 30 54 54 51 53 54 48 54 54 54 54 54 54 54 54 54 54 54 54 54 54 54 54 54 54 54 54 54 54 56 54 54 54 54 54 54 54 54 54 54 49 0 0 0 0 0 0 0 0 0 0 
0 0 0 0 0 0 0 0 0 0 24 30 30 24 30 30 40 43 43 31 43 31 43 41 41 43 30 30 24 30 39 39 30 30 24 30 30 30 39 30 41 30 30 42 30 30 30 30 30 30 30 30 30 30 30 24 30 30 24 30 30 30 30 36 39 30 30 24 30 38 54 54 52 54 54 48 54 54 54 54 54 54 54 54 54 54 54 54 54 54 54 54 54 54 54 54 54 54 54 54 54 54 54 54 54 54 54 54 54 48 0 0 0 0 0 0 0 0 0 0 
0 0 0 0 0 0 0 0 0 0 24 30 30 24 30 30 30 30 30 30 30 30 30 30 30 30 30 30 24 30 30 30 30 30 24 30 30 30 30 30 30 30 30 30 30 30 30 30 30 30 30 30 30 30 30 24 30 30 26 30 30 38 30 38 30 30 30 26 30 30 54 54 54 54 54 48 54 54 54 54 54 54 54 54 54 54 54 54 57 54 54 54 54 54 54 54 54 54 54 54 54 54 54 54 54 54 54 54 54 48 0 0 0 0 0 0 0 0 0 0 
0 0 0 0 0 0 0 0 0 0 24 30 38 24 24 24 24 24 24 24 24 24 26 24 24 26 30 30 26 30 30 30 30 30 26 30 30 33 30 30 24 24 24 24 24 25 26 25 25 25 25 25 24 24 25 24 30 30 24 30 30 30 30 30 30 30 30 26 30 30 54 54 54 56 54 48 54 54 54 54 54 52 54 54 54 54 54 54 54 54 59 54 54 54 54 54 54 53 53 54 54 54 54 54 54 54 51 54 54 50 0 0 0 0 0 0 0 0 0 0 
0 0 0 0 0 0 0 0 0 0 24 30 30 27 27 27 27 27 27 29 28 27 27 28 28 27 30 30 24 30 35 30 30 30 24 30 30 24 30 30 27 27 27 27 27 28 28 28 28 28 28 27 27 27 27 27 30 30 26 30 30 30 38 36 36 30 30 26 30 30 54 54 54 54 54 48 54 54 54 54 54 54 54 54 54 53 54 54 54 54 54 54 54 54 54 54 54 54 54 54 54 54 54 54 55 54 54 54 54 48 0 0 0 0 0 0 0 0 0 0 
0 0 0 0 0 0 0 0 0 0 24 30 30 43 41 31 43 41 41 43 43 43 43 43 31 43 30 30 26 30 30 30 30 30 26 30 30 24 30 30 43 43 43 42 41 43 40 43 41 43 43 41 43 41 43 43 30 30 24 30 30 30 36 30 30 30 30 26 30 30 54 54 54 54 54 48 54 54 54 54 54 54 54 54 54 54 54 54 54 54 54 54 54 54 54 54 54 54 54 54 54 54 54 54 54 54 54 54 54 50 0 0 0 0 0 0 0 0 0 0 
0 0 0 0 0 0 0 0 0 0 25 30 30 30 30 30 30 30 30 30 30 30 30 37 30 30 30 30 24 30 30 30 30 30 24 30 30 24 30 30 30 30 30 30 30 30 30 30 30 30 30 30 30 30 30 30 30 30 24 30 30 39 30 30 37 30 30 26 30 30 54 54 54 54 54 48 54 54 54 54 54 54 54 54 54 54 54 54 54 54 54 54 54 54 54 54 54 54 54 54 57 54 54 54 54 54 54 54 54 48 0 0 0 0 0 0 0 0 0 0 
0 0 0 0 0 0 0 0 0 0 24 24 24 24 24 26 24 24 24 26 24 24 26 24 24 24 30 30 24 26 30 30 30 24 24 30 30 24 24 24 24 25 25 26 24 24 25 25 25 25 25 25 24 24 26 24 24 24 26 30 30 36 30 30 30 37 30 26 24 25 48 48 48 48 48 48 54 54 54 54 54 54 54 54 54 54 54 54 54 54 54 54 54 54 54 54 54 54 54 54 54 54 54 54 54 52 54 54 54 48 0 0 0 0 0 0 0 0 0 0 
0 0 0 0 0 0 0 0 0 0 24 27 27 28 29 27 27 27 27 29 27 27 27 27 27 29 30 30 26 27 30 30 30 27 27 30 30 27 27 27 27 27 27 28 28 28 28 28 28 27 27 28 27 27 28 27 27 27 27 30 30 30 30 30 30 30 30 24 27 27 45 47 47 46 46 45 54 54 54 54 54 54 54 54 54 54 56 54 54 54 55 54 54 54 54 54 54 54 54 54 54 54 54 54 54 54 54 54 54 48 0 0 0 0 0 0 0 0 0 0 
0 0 0 0 0 0 0 0 0 0 25 40 31 42 31 43 43 38 43 41 40 31 43 40 43 43 30 30 42 43 30 30 30 41 43 30 30 43 43 43 42 43 41 43 41 42 42 43 44 40 43 43 42 43 41 43 41 44 41 30 30 30 30 30 30 30 30 24 31 31 61 61 63 62 61 62 54 54 54 54 54 54 54 54 54 54 54 54 54 54 54 54 54 54 54 54 54 54 54 54 54 54 54 54 54 54 54 54 54 50 0 0 0 0 0 0 0 0 0 0 
0 0 0 0 0 0 0 0 0 0 25 30 30 30 30 30 30 30 30 30 30 30 30 30 30 30 30 30 30 30 30 30 30 30 30 30 30 30 30 30 30 30 30 30 30 30 30 30 30 30 30 30 30 30 30 30 30 30 30 30 30 30 30 30 30 30 30 24 30 30 54 54 54 54 54 54 54 54 54 54 53 54 54 54 54 54 54 54 54 54 54 54 54 54 54 54 54 54 54 54 54 54 54 54 54 54 54 54 54 48 0 0 0 0 0 0 0 0 0 0 
0 0 0 0 0 0 0 0 0 0 25 30 30 24 24 24 24 24 24 24 24 24 24 24 24 24 25 24 24 24 24 25 24 24 24 25 24 24 24 24 24 24 24 24 24 24 24 24 30 30 24 24 24 26 24 24 24 26 25 25 26 26 24 26 24 24 24 24 30 30 24 25 48 48 48 48 54 54 54 54 54 54 54 54 54 54 54 54 54 54 54 54 54 54 54 54 56 54 54 54 54 54 54 54 54 54 54 54 54 50 0 0 0 0 0 0 0 0 0 0 
0 0 0 0 0 0 0 0 0 0 25 30 30 24 27 27 29 29 29 29 28 28 28 28 28 28 28 29 28 27 27 28 29 28 29 29 29 27 27 27 27 28 28 27 27 27 27 24 30 30 27 27 27 28 28 28 28 29 29 28 28 29 27 28 27 27 27 27 30 30 24 27 45 47 45 48 54 54 54 54 54 54 54 54 54 54 54 54 54 54 54 54 54 54 54 54 54 54 54 53 54 54 54 54 54 54 54 54 54 48 0 0 0 0 0 0 0 0 0 0 
0 0 0 0 0 0 0 0 0 0 25 30 30 24 43 43 43 43 41 31 40 43 43 43 43 43 43 43 41 43 40 43 41 43 31 42 43 40 41 43 43 40 43 41 42 43 43 24 30 30 43 43 43 44 44 43 43 42 43 43 44 44 43 43 43 31 31 43 30 30 24 31 61 62 61 48 54 54 54 54 54 54 54 54 54 54 54 54 54 54 54 54 54 54 54 54 54 54 54 54 54 54 54 54 54 54 54 54 54 48 0 0 0 0 0 0 0 0 0 0 
0 0 0 0 0 0 0 0 0 0 24 30 37 24 30 30 30 30 30 30 30 30 30 30 35 37 30 30 30 30 30 30 30 30 30 30 30 30 30 30 30 35 30 30 30 30 30 24 30 30 30 37 30 30 30 30 30 30 30 30 35 30 30 38 30 37 30 30 30 30 24 30 54 54 54 48 54 54 54 54 54 54 54 54 54 54 54 54 54 54 54 54 54 54 54 54 54 54 54 54 54 54 54 54 54 54 54 54 54 48 0 0 0 0 0 0 0 0 0 0 
0 0 0 0 0 0 0 0 0 0 24 30 30 26 30 30 37 30 30 38 30 30 30 30 30 37 30 30 30 30 30 30 30 30 30 30 30 30 30 30 30 35 30 30 30 30 30 24 30 30 30 30 30 30 30 30 30 30 30 30 30 30 30 30 30 30 30 30 30 30 24 30 54 54 54 48 54 54 54 54 54 54 59 54 51 54 54 54 54 54 56 54 54 54 54 52 54 54 54 54 54 54 54 54 54 54 54 54 54 50 0 0 0 0 0 0 0 0 0 0 
0 0 0 0 0 0 0 0 0 0 24 30 30 24 30 30 24 24 26 26 24 24 24 26 26 26 26 24 24 26 24 24 24 24 24 24 24 24 24 24 30 30 30 30 30 24 24 24 26 24 24 24 26 24 24 24 25 24 24 24 24 24 24 25 26 25 24 25 24 24 25 30 54 54 54 48 54 54 54 54 54 54 54 54 54 54 54 54 54 54 54 54 54 54 54 54 54 54 54 54 54 54 54 54 54 54 54 54 54 50 0 0 0 0 0 0 0 0 0 0 
0 0 0 0 0 0 0 0 0 0 25 30 35 26 30 30 24 27 28 27 27 27 27 27 27 27 28 27 27 27 27 27 27 28 27 27 27 27 27 24 30 30 30 30 30 24 27 27 27 27 27 27 29 29 29 29 29 28 28 28 27 24 27 27 27 29 29 28 27 28 27 30 54 54 54 48 54 54 54 55 54 54 54 54 54 54 54 54 54 54 54 54 54 54 54 54 54 54 54 54 54 54 54 54 54 54 54 54 54 48 0 0 0 0 0 0 0 0 0 0 
0 0 0 0 0 0 0 0 0 0 25 30 30 24 30 30 24 43 43 42 40 43 43 43 41 41 43 42 43 41 43 44 43 41 41 41 42 43 43 24 30 35 37 30 30 24 43 42 40 43 43 43 41 43 42 43 43 44 42 31 43 26 43 40 43 31 43 31 43 41 43 30 54 54 54 48 54 54 54 54 54 54 54 54 54 54 54 54 54 54 54 54 54 54 54 54 54 54 54 54 54 54 54 54 54 56 54 54 54 49 0 0 0 0 0 0 0 0 0 0 
0 0 0 0 0 0 0 0 0 0 26 30 30 26 39 30 24 30 30 30 30 30 30 30 30 30 30 30 30 30 30 30 30 30 30 30 30 30 30 24 30 36 30 30 30 24 30 30 30 30 30 30 30 30 30 30 30 30 30 30 30 24 30 30 30 30 30 30 30 30 30 54 54 54 54 48 54 54 54 54 54 54 54 54 54 54 54 54 54 54 54 54 54 54 54 54 54 54 54 54 54 54 54 54 54 54 54 54 54 49 0 0 0 0 0 0 0 0 0 0 
0 0 0 0 0 0 0 0 0 0 24 30 30 24 30 30 24 30 37 30 30 35 36 30 39 39 30 30 38 30 30 30 39 39 30 30 30 30 30 24 30 30 30 30 30 24 30 30 24 25 26 24 24 25 25 24 25 24 24 30 30 25 54 54 54 54 54 54 54 54 54 54 54 54 54 48 54 54 54 54 54 54 54 54 54 54 54 54 54 54 54 54 54 54 54 54 54 54 54 54 54 54 54 54 54 54 54 54 54 48 0 0 0 0 0 0 0 0 0 0 
0 0 0 0 0 0 0 0 0 0 26 30 30 26 30 30 26 30 30 30 37 30 30 30 30 30 30 36 35 38 38 30 37 30 30 30 30 30 30 24 30 30 30 30 30 24 30 30 24 27 27 29 27 29 29 29 27 27 24 30 30 26 54 54 59 54 54 54 54 54 54 54 54 54 54 48 48 48 48 48 48 48 48 48 48 48 48 48 48 48 48 48 48 48 48 48 48 48 48 48 48 48 48 48 48 48 48 48 48 49 0 0 0 0 0 0 0 0 0 0 
0 0 0 0 0 0 0 0 0 0 24 30 39 26 30 30 26 30 30 30 30 30 30 30 30 30 30 30 30 30 30 30 30 30 30 30 30 30 30 24 30 30 36 30 30 25 30 30 24 43 31 44 44 43 42 44 31 40 25 30 30 34 54 54 54 54 54 54 53 52 54 54 53 54 54 45 45 46 47 45 47 46 45 46 46 45 45 47 47 45 46 47 47 45 45 45 45 47 45 45 46 47 45 45 47 46 46 47 46 48 0 0 0 0 0 0 0 0 0 0 
0 0 0 0 0 0 0 0 0 0 25 30 30 26 30 30 24 30 30 24 24 24 24 25 24 24 26 26 26 26 26 26 26 26 24 26 24 26 24 26 30 37 39 30 30 24 30 30 25 30 30 30 30 30 38 30 30 30 25 30 30 24 54 54 54 54 54 56 54 54 54 51 54 54 54 63 61 60 61 64 61 63 61 61 60 61 64 61 62 61 61 61 61 60 61 61 61 63 61 62 61 61 60 61 61 63 60 61 61 48 0 0 0 0 0 0 0 0 0 0 
0 0 0 0 0 0 0 0 0 0 26 30 30 24 30 30 26 30 30 24 27 27 27 27 28 27 28 28 28 28 28 27 28 27 27 27 27 27 27 27 30 30 30 30 30 25 30 30 24 30 30 37 39 30 30 30 30 30 24 30 30 24 54 54 54 54 54 54 54 54 52 54 54 54 54 54 54 54 54 54 54 54 54 54 54 54 54 54 54 54 54 54 54 54 54 54 54 54 54 54 54 54 54 54 58 54 54 54 54 48 0 0 0 0 0 0 0 0 0 0 
0 0 0 0 0 0 0 0 0 0 24 30 30 24 30 30 26 30 30 24 43 41 40 42 31 43 40 43 41 43 31 44 44 44 43 42 43 43 41 43 30 30 30 30 30 25 30 30 25 30 30 30 36 30 35 30 30 30 25 30 30 24 54 54 54 54 54 54 54 54 54 54 54 54 54 54 54 54 54 54 54 54 54 54 54 54 54 54 54 54 54 54 54 54 54 54 54 52 54 54 54 54 54 54 54 54 67 54 54 48 0 0 0 0 0 0 0 0 0 0 
0 0 0 0 0 0 0 0 0 0 25 30 30 24 30 30 24 30 30 24 30 30 30 30 30 30 30 30 30 30 30 30 30 30 30 30 30 30 30 30 30 30 30 30 30 25 30 30 24 30 30 30 30 30 30 30 30 30 26 30 30 48 48 48 49 48 48 49 48 48 48 48 48 48 48 48 48 48 50 48 48 48 49 48 48 48 50 48 48 49 48 48 48 48 54 54 54 54 54 54 54 54 54 54 54 54 48 54 54 48 0 0 0 0 0 0 0 0 0 0 
0 0 0 0 0 0 0 0 0 0 24 30 30 24 30 30 24 30 30 24 24 24 25 24 24 26 26 25 25 25 26 26 26 25 25 26 24 24 24 26 25 25 24 24 24 24 30 30 24 24 26 30 30 30 39 30 30 30 24 54 54 45 45 46 45 47 45 46 46 46 46 46 45 47 45 45 45 46 46 47 45 45 45 46 47 45 45 46 46 47 47 45 47 48 54 54 54 54 48 48 48 49 48 50 48 48 48 54 54 48 0 0 0 0 0 0 0 0 0 0 
0 0 0 0 0 0 0 0 0 0 24 30 30 29 30 30 29 30 30 27 29 27 29 28 27 28 27 27 28 28 28 28 27 28 28 27 28 27 27 29 29 27 27 29 27 27 30 30 27 27 26 30 30 30 39 30 30 30 24 54 54 61 61 61 61 61 60 61 62 61 61 61 60 61 63 61 65 61 60 61 61 63 61 61 61 61 61 60 63 61 62 61 65 48 54 54 54 54 48 45 47 45 45 47 45 45 47 54 54 48 0 0 0 0 0 0 0 0 0 0 
0 0 0 0 0 0 0 0 0 0 24 30 30 43 30 30 44 30 30 43 40 43 42 43 40 40 43 43 43 31 41 42 43 31 40 40 43 43 31 31 44 41 41 31 41 40 30 30 43 43 24 30 30 30 30 30 30 30 24 54 54 54 53 54 54 54 54 54 54 54 54 54 54 54 54 54 54 54 54 54 54 54 54 54 54 54 54 54 54 54 54 54 54 48 54 54 53 54 48 63 61 60 63 60 61 61 62 54 54 48 0 0 0 0 0 0 0 0 0 0 
0 0 0 0 0 0 0 0 0 0 24 30 30 30 30 30 30 30 30 30 30 30 30 30 30 30 30 30 30 30 30 30 30 30 30 30 30 30 30 30 30 30 30 30 30 30 30 30 30 30 24 30 30 30 30 30 30 54 48 49 49 48 48 50 50 49 50 49 49 48 48 48 48 54 54 48 50 48 48 48 50 50 50 48 48 48 48 48 48 48 48 54 54 50 54 51 54 54 48 54 54 54 54 54 54 54 54 54 54 49 0 0 0 0 0 0 0 0 0 0 
0 0 0 0 0 0 0 0 0 0 4 11 11 11 11 11 11 11 11 11 11 11 11 11 11 11 11 11 11 11 11 11 11 11 11 4 4 6 4 6 4 4 6 5 4 6 5 5 11 11 6 11 11 9 11 11 11 54 45 47 45 45 46 45 45 47 46 45 46 46 46 47 49 54 54 48 45 47 46 46 46 46 45 46 46 45 45 47 46 45 48 54 53 49 54 54 52 54 49 54 54 54 54 48 50 50 49 54 54 49 0 0 0 0 0 0 0 0 0 0 
0 0 0 0 0 0 0 0 0 0 4 11 11 6 5 4 5 4 4 5 4 4 6 4 4 4 4 5 5 4 5 5 4 11 11 1 1 2 2 2 3 3 1 3 1 3 3 6 11 11 6 11 11 11 11 11 11 11 61 61 64 61 63 62 61 61 60 61 61 61 60 61 48 54 54 48 61 62 61 61 60 61 61 63 61 60 62 61 60 61 48 54 54 48 54 54 54 54 48 54 54 54 54 48 47 46 48 54 54 48 0 0 0 0 0 0 0 0 0 0 
0 0 0 0 0 0 0 0 0 0 4 11 11 4 1 1 2 3 1 3 1 1 3 1 2 3 1 1 1 3 1 1 6 11 11 15 17 14 18 14 14 14 14 16 14 19 17 5 11 11 4 11 11 11 11 10 11 11 54 54 54 54 54 54 54 54 54 54 54 54 54 54 49 54 54 48 54 54 54 54 54 54 54 54 54 54 54 54 54 54 48 54 54 48 54 54 54 54 49 54 54 51 54 49 60 61 48 54 54 49 0 0 0 0 0 0 0 0 0 0 
0 0 0 0 0 0 0 0 0 0 5 8 8 5 11 11 11 11 11 11 11 11 11 11 11 11 11 11 11 11 11 11 4 11 11 4 4 5 4 4 5 4 4 4 11 11 11 6 11 11 4 11 11 11 11 11 11 11 11 11 11 11 54 54 54 54 54 54 54 54 54 54 49 54 54 48 54 54 54 54 54 56 54 54 54 54 55 54 54 54 48 54 54 48 54 54 54 54 48 54 54 54 54 50 54 54 50 54 54 50 0 0 0 0 0 0 0 0 0 0 
0 0 0 0 0 0 0 0 0 0 5 11 11 6 11 11 11 11 11 11 11 11 11 8 11 11 11 11 11 11 11 11 2 10 11 1 2 2 2 1 2 1 2 4 11 8 11 6 9 11 6 11 11 11 11 11 11 11 11 11 11 11 11 54 54 54 54 52 54 54 54 54 48 54 54 50 54 54 54 54 54 51 54 54 54 54 54 54 54 54 48 54 54 48 54 54 54 54 48 54 54 54 54 48 54 54 48 54 54 49 0 0 0 0 0 0 0 0 0 0 
0 0 0 0 0 0 0 0 0 0 6 9 11 5 11 11 13 11 11 10 11 11 11 11 11 11 11 11 11 11 13 11 17 11 11 17 14 15 14 14 14 14 17 5 11 11 11 5 11 11 4 5 5 5 4 5 5 5 4 6 6 4 11 54 54 54 54 51 54 54 54 54 50 54 54 48 54 54 54 54 54 54 54 52 54 54 54 54 54 54 48 54 54 49 48 48 48 48 48 54 54 54 54 48 54 54 50 52 54 50 0 0 0 0 0 0 0 0 0 0 
0 0 0 0 0 0 0 0 0 0 6 12 11 5 11 11 11 11 9 11 8 11 11 11 7 11 8 11 11 11 11 11 11 11 11 11 11 11 11 11 11 11 11 5 11 10 11 6 11 11 3 3 3 2 1 3 1 1 3 3 2 6 11 54 59 54 54 54 54 54 55 54 48 54 54 48 54 54 54 54 54 54 54 54 54 54 53 54 54 54 47 54 54 45 45 47 47 47 45 54 54 54 54 45 54 54 49 54 54 50 0 0 0 0 0 0 0 0 0 0 
0 0 0 0 0 0 0 0 0 0 6 11 11 5 11 11 11 11 10 11 11 9 10 11 11 11 10 11 9 11 11 11 4 5 5 4 4 4 4 4 4 11 11 5 11 11 11 6 11 11 17 19 20 14 17 19 15 14 17 14 14 6 11 54 54 54 57 54 54 54 54 54 48 54 54 50 54 54 54 54 54 55 54 54 54 54 54 54 54 54 60 54 54 63 61 63 61 60 61 54 52 54 54 54 54 54 49 54 54 48 0 0 0 0 0 0 0 0 0 0 
0 0 0 0 0 0 0 0 0 0 6 11 11 4 11 11 11 11 11 11 11 11 11 11 11 11 11 11 11 11 11 11 1 2 2 1 2 2 2 1 4 11 11 4 11 11 11 4 11 13 10 11 11 11 11 11 11 11 11 11 11 5 11 54 54 53 54 54 54 54 54 54 48 54 54 48 54 54 54 54 58 54 54 54 58 54 54 54 54 54 54 54 54 54 54 54 54 54 54 54 54 54 54 54 54 54 49 54 54 48 0 0 0 0 0 0 0 0 0 0 
0 0 0 0 0 0 0 0 0 0 4 11 11 5 11 11 11 11 11 11 11 11 11 11 11 11 11 11 8 11 11 11 17 17 18 15 14 19 14 17 4 11 11 5 11 11 11 5 11 11 11 11 11 9 11 11 10 11 11 11 11 5 11 54 54 54 54 54 54 54 54 54 48 54 54 48 54 54 54 54 54 54 54 54 54 54 54 54 54 54 48 48 48 50 49 50 48 49 50 48 48 50 48 49 48 48 48 54 54 48 0 0 0 0 0 0 0 0 0 0 
0 0 0 0 0 0 0 0 0 0 6 11 11 4 4 6 5 5 4 4 6 5 4 4 5 5 5 5 11 11 11 11 11 11 11 11 11 11 11 11 4 11 11 4 11 11 11 6 11 11 11 11 11 11 11 11 11 11 11 11 11 6 11 11 54 54 54 54 54 54 54 54 48 54 54 48 54 54 54 54 54 54 54 54 54 54 54 54 54 54 45 47 45 47 45 48 45 45 46 45 47 46 45 47 45 46 45 54 54 4 0 0 0 0 0 0 0 0 0 0 
0 0 0 0 0 0 0 0 0 0 5 11 7 3 1 2 3 1 2 3 1 2 1 2 3 1 1 5 11 11 4 4 4 4 4 5 4 4 5 5 4 11 11 5 4 4 6 4 5 4 6 6 4 6 6 5 6 6 6 6 6 6 11 11 11 11 11 11 11 13 11 11 5 12 11 5 11 11 10 11 11 11 11 11 11 11 11 11 11 54 61 61 60 63 61 50 60 61 62 61 64 61 65 63 60 61 63 60 54 4 0 0 0 0 0 0 0 0 0 0 
0 0 0 0 0 0 0 0 0 0 4 11 11 17 14 14 16 14 14 14 14 14 14 16 14 15 17 5 11 11 4 1 2 1 1 2 1 2 2 1 2 11 11 2 2 1 3 3 1 1 3 3 1 1 3 1 4 1 2 2 3 1 11 11 11 10 10 10 11 11 11 11 5 11 11 4 11 11 11 11 11 11 11 11 11 11 11 13 11 11 54 54 54 54 54 48 54 54 54 54 54 54 54 54 54 54 54 54 54 4 0 0 0 0 0 0 0 0 0 0 
0 0 0 0 0 0 0 0 0 0 4 11 8 11 11 11 11 11 11 11 11 11 11 11 11 11 11 5 11 11 5 17 18 14 14 14 17 18 14 19 17 11 11 19 14 14 14 16 18 20 17 14 19 15 14 17 4 19 14 17 14 14 11 11 9 8 11 11 11 11 11 11 5 11 11 4 11 11 11 11 11 11 13 8 11 11 11 9 11 11 11 11 11 11 11 5 11 11 4 5 4 5 5 5 5 4 4 11 11 5 0 0 0 0 0 0 0 0 0 0 
0 0 0 0 0 0 0 0 0 0 5 11 11 11 4 4 4 6 4 4 6 6 4 6 4 11 11 6 11 11 6 11 11 11 11 11 11 11 11 11 11 11 11 11 11 11 11 11 11 11 11 11 11 11 11 11 6 11 11 11 11 11 11 11 11 11 11 11 11 11 11 11 4 11 11 5 11 11 9 11 11 11 11 11 11 11 8 11 11 11 11 11 9 11 11 5 11 11 5 1 1 2 2 1 3 3 3 11 11 5 0 0 0 0 0 0 0 0 0 0 
0 0 0 0 0 0 0 0 0 0 4 11 11 11 4 3 1 1 3 1 2 3 1 3 4 11 11 5 11 11 4 11 11 4 4 5 5 4 4 4 4 4 4 5 5 5 5 5 4 4 4 4 4 4 11 11 4 11 11 4 5 6 5 11 11 4 5 5 4 5 11 11 5 11 7 5 11 11 11 11 11 7 11 11 11 13 11 11 11 11 11 11 11 11 11 5 11 11 5 17 14 14 14 14 15 16 17 11 11 4 0 0 0 0 0 0 0 0 0 0 
0 0 0 0 0 0 0 0 0 0 4 11 11 11 4 17 14 18 14 14 14 20 14 17 4 11 11 4 11 11 5 11 11 5 1 1 1 2 3 1 2 3 1 3 1 1 3 1 1 3 1 1 1 5 11 11 6 11 11 2 1 3 6 11 11 5 2 1 3 1 11 11 4 10 12 5 11 11 11 11 11 11 11 11 11 11 11 11 11 11 11 11 11 11 11 5 11 11 5 11 11 11 11 11 10 11 11 11 11 5 0 0 0 0 0 0 0 0 0 0 
0 0 0 0 0 0 0 0 0 0 5 11 8 11 4 11 11 11 11 11 11 11 11 11 5 11 11 6 11 11 6 11 11 5 17 14 14 18 19 14 14 19 14 16 14 20 14 14 14 18 14 15 17 5 11 11 4 11 11 17 20 14 4 11 11 4 17 20 14 17 11 11 4 11 11 5 11 11 11 11 8 11 11 11 11 11 11 11 11 11 11 11 11 11 11 5 11 11 5 11 11 11 11 11 11 11 11 11 11 5 0 0 0 0 0 0 0 0 0 0 
0 0 0 0 0 0 0 0 0 0 4 11 11 11 5 11 11 4 11 11 11 11 11 11 6 11 11 5 11 11 4 11 8 5 11 11 11 11 11 11 11 11 12 11 11 11 11 11 11 11 11 11 11 5 11 11 6 11 11 11 11 11 4 11 11 5 11 11 9 11 10 11 4 11 11 4 11 11 11 10 11 11 11 11 11 4 5 4 5 5 4 4 5 4 4 4 11 11 4 4 5 5 5 5 5 4 5 4 4 5 0 0 0 0 0 0 0 0 0 0 
0 0 0 0 0 0 0 0 0 0 6 11 11 11 4 11 11 6 11 11 11 7 11 11 6 11 11 5 11 11 4 11 11 6 11 11 11 11 11 11 11 11 12 11 11 11 11 10 11 11 11 11 11 5 11 8 4 11 11 11 11 11 6 11 11 4 11 11 11 11 10 11 4 11 11 4 11 11 11 11 11 11 11 11 11 5 1 1 1 2 2 2 3 1 2 1 11 11 1 1 3 2 2 3 1 3 2 2 1 5 0 0 0 0 0 0 0 0 0 0 
0 0 0 0 0 0 0 0 0 0 4 11 13 11 4 11 11 6 11 11 9 11 11 11 5 11 11 4 11 11 5 11 11 4 11 11 11 11 11 11 11 11 11 9 11 11 11 11 11 11 11 11 11 4 11 11 5 11 11 11 9 11 5 11 11 4 11 11 11 11 11 11 4 11 12 5 4 5 4 5 4 5 4 4 4 4 19 15 18 20 19 14 19 14 17 15 11 11 17 15 16 19 15 14 14 14 17 15 17 5 0 0 0 0 0 0 0 0 0 0 
0 0 0 0 0 0 0 0 0 0 4 11 11 11 5 11 11 6 11 11 11 11 11 11 6 11 11 5 11 11 4 11 11 4 11 11 11 11 11 11 7 11 11 11 11 11 11 11 4 4 4 5 5 5 11 11 6 11 8 9 11 11 6 11 11 4 4 5 5 5 5 5 5 11 11 5 1 1 2 1 1 2 1 2 1 5 11 11 11 11 11 11 11 11 11 11 11 11 11 11 11 11 11 11 11 11 11 11 11 5 0 0 0 0 0 0 0 0 0 0 
0 0 0 0 0 0 0 0 0 0 5 11 11 11 4 11 11 6 11 11 11 11 11 11 6 11 11 5 11 11 4 11 11 5 11 11 11 11 11 11 11 11 11 11 11 11 11 11 5 2 1 1 2 1 11 11 5 11 11 11 10 11 4 11 11 1 2 1 1 2 2 2 1 11 11 4 15 18 16 14 14 14 17 16 14 4 11 11 11 13 11 11 10 11 11 11 11 11 11 11 11 11 11 11 11 11 11 11 11 4 0 0 0 0 0 0 0 0 0 0 
0 0 0 0 0 0 0 0 0 0 5 11 8 11 5 11 11 4 5 5 4 4 5 4 6 11 11 4 11 11 5 7 11 5 11 11 11 11 11 13 11 12 11 11 8 13 11 11 5 17 15 14 14 15 11 11 6 11 11 11 11 11 6 11 11 17 14 20 14 14 19 14 18 7 11 4 11 11 11 11 11 11 11 11 11 4 11 11 11 8 11 11 11 11 11 11 12 8 11 11 11 11 11 10 11 11 11 11 11 4 0 0 0 0 0 0 0 0 0 0 
0 0 0 0 0 0 0 0 0 0 4 11 11 11 4 11 11 1 3 1 2 2 3 1 3 11 11 4 11 11 4 11 11 6 11 11 11 11 12 11 9 11 11 11 11 11 11 11 5 11 11 11 11 11 11 11 5 11 11 11 11 11 5 11 11 11 11 11 11 11 11 11 11 11 11 4 11 11 4 5 4 5 4 11 11 4 11 11 11 11 11 11 11 11 8 11 11 11 9 11 11 11 11 10 13 11 11 11 11 4 0 0 0 0 0 0 0 0 0 0 
0 0 0 0 0 0 0 0 0 0 6 11 11 11 4 11 11 17 14 16 19 15 14 17 19 11 11 4 11 11 5 11 11 6 11 11 11 11 11 11 11 11 11 11 9 11 11 11 5 11 11 9 11 11 11 11 4 6 5 5 4 4 6 11 11 4 4 4 6 6 6 6 4 11 11 4 11 11 1 2 2 1 4 11 11 4 11 11 11 10 11 11 11 11 11 10 11 11 9 9 11 11 11 11 11 11 11 11 11 4 0 0 0 0 0 0 0 0 0 0 
0 0 0 0 0 0 0 0 0 0 4 11 13 11 4 11 11 11 11 11 11 11 11 11 11 11 11 4 11 11 5 11 11 5 11 11 11 11 11 11 11 12 11 11 12 11 11 11 5 11 10 11 11 11 10 11 1 3 2 1 1 1 2 11 11 1 2 2 1 1 2 1 4 11 11 5 11 11 17 15 18 17 4 11 11 4 11 11 11 9 11 11 11 11 11 11 11 11 9 11 10 11 11 11 8 11 11 11 11 4 0 0 0 0 0 0 0 0 0 0 
0 0 0 0 0 0 0 0 0 0 5 11 11 11 4 4 4 4 4 4 4 4 5 5 4 5 4 5 11 11 4 11 11 5 11 11 11 11 13 8 11 11 11 10 11 11 12 11 4 11 11 11 11 11 8 11 17 14 14 14 14 14 17 11 11 17 14 17 14 14 14 17 6 11 11 4 11 11 11 11 11 11 4 11 11 4 11 11 11 11 11 11 11 13 11 11 11 11 11 11 11 11 11 13 11 11 11 11 11 4 0 0 0 0 0 0 0 0 0 0 
0 0 0 0 0 0 0 0 0 0 5 11 8 11 1 3 1 3 1 1 3 1 3 1 1 3 1 1 11 11 1 11 11 5 11 11 11 11 11 11 11 11 11 11 11 11 11 11 4 11 11 11 11 11 11 11 11 11 11 11 11 11 11 11 11 11 11 11 11 11 11 11 4 11 11 5 11 11 11 11 11 11 4 11 11 4 11 11 11 11 11 11 11 11 11 11 11 9 11 11 11 11 11 11 11 11 11 11 11 4 0 0 0 0 0 0 0 0 0 0 
0 0 0 0 0 0 0 0 0 0 6 11 11 8 17 14 15 14 14 19 14 14 14 14 14 14 15 14 11 11 15 11 11 4 11 11 11 11 11 11 9 11 11 10 11 11 11 11 5 4 5 5 4 4 5 4 4 4 4 5 5 5 5 11 11 21 11 11 11 11 10 11 4 10 11 5 5 4 5 5 5 5 4 11 11 4 4 4 4 4 4 11 11 11 11 11 11 11 11 11 11 11 11 11 11 11 11 11 11 4 0 0 0 0 0 0 0 0 0 0 
0 0 0 0 0 0 0 0 0 0 5 11 11 11 11 11 11 11 11 11 11 11 11 11 11 11 11 11 11 11 11 11 11 5 11 11 11 7 12 11 11 11 12 11 11 11 11 11 1 1 1 3 1 3 3 1 1 2 2 2 1 1 5 11 11 5 11 11 8 11 11 11 6 11 11 2 2 2 1 2 1 2 1 11 11 1 2 2 2 2 4 11 11 11 11 11 11 10 11 11 11 11 11 11 11 11 11 11 11 4 0 0 0 0 0 0 0 0 0 0 
0 0 0 0 0 0 0 0 0 0 5 4 6 4 5 6 11 11 4 5 5 4 5 5 5 5 5 5 4 4 4 4 5 5 11 11 11 11 11 11 11 11 11 11 11 11 11 7 16 16 14 15 14 14 14 16 19 15 14 14 15 14 5 11 11 5 11 11 7 11 9 11 6 11 11 17 15 18 18 16 14 14 14 11 12 17 14 14 14 15 4 11 11 11 11 11 11 11 11 11 11 11 11 11 11 11 11 11 11 4 0 0 0 0 0 0 0 0 0 0 
0 0 0 0 0 0 0 0 0 0 5 1 2 1 2 5 11 11 1 1 1 1 2 1 3 1 1 1 1 3 1 1 3 3 11 11 11 11 11 11 11 11 11 11 11 11 11 11 11 11 11 11 11 11 11 11 11 11 11 11 11 11 5 11 10 4 11 11 11 11 11 11 6 11 11 11 11 11 11 11 11 11 11 11 11 11 11 11 11 11 4 4 5 4 5 5 4 11 11 4 5 5 5 5 4 4 4 11 11 4 0 0 0 0 0 0 0 0 0 0 
0 0 0 0 0 0 0 0 0 0 4 19 15 16 18 6 11 11 17 19 14 14 14 14 19 18 14 19 17 18 15 14 14 14 11 11 11 11 11 11 11 11 11 11 11 11 11 11 11 11 11 11 11 11 11 11 11 11 11 11 11 11 5 13 11 4 11 11 11 12 11 11 6 11 11 10 11 11 11 11 11 11 11 11 11 11 11 11 11 11 1 2 2 2 1 1 4 11 11 4 1 2 2 1 2 1 1 11 11 4 0 0 0 0 0 0 0 0 0 0 
0 0 0 0 0 0 0 0 0 0 4 11 11 11 11 5 11 11 11 11 11 11 11 11 11 11 11 11 11 11 11 11 11 11 11 11 4 11 11 11 6 6 4 6 4 5 5 5 5 5 5 6 6 6 6 6 4 4 4 6 6 6 6 12 11 5 4 5 5 5 6 6 6 6 6 4 5 5 5 4 6 6 6 5 5 5 5 11 11 11 18 16 14 14 17 15 4 11 11 5 17 15 18 14 17 14 17 11 11 4 0 0 0 0 0 0 0 0 0 0 
0 0 0 0 0 0 0 0 0 0 4 11 11 11 11 1 11 11 4 5 5 4 5 5 5 5 5 4 4 5 4 5 4 4 11 11 6 11 11 11 5 1 3 1 1 1 3 1 1 1 1 1 1 1 2 2 2 2 1 1 1 1 1 11 7 1 1 1 2 2 2 2 2 2 2 1 1 1 1 2 3 2 1 3 2 2 6 11 11 11 11 11 7 11 11 11 4 11 11 4 11 11 11 11 11 11 11 11 11 4 0 0 0 0 0 0 0 0 0 0 
0 0 0 0 0 0 0 0 0 0 4 11 11 11 11 14 11 11 4 1 2 1 1 2 1 2 1 1 1 1 1 1 1 5 11 11 4 11 11 11 5 18 14 15 14 14 19 14 14 16 18 19 18 14 18 17 14 15 17 14 15 14 17 11 11 19 17 15 14 14 18 19 14 16 14 19 14 14 14 14 15 17 16 15 19 19 6 11 11 11 11 11 11 11 11 11 4 11 11 5 11 11 11 11 11 11 11 11 11 4 0 0 0 0 0 0 0 0 0 0 
0 0 0 0 0 0 0 0 0 0 5 11 8 11 11 11 7 11 5 19 18 14 14 17 14 14 17 14 15 14 14 18 19 6 11 11 6 11 11 11 5 11 11 11 11 11 11 11 11 11 11 11 11 11 11 11 11 11 11 11 11 12 11 7 11 11 11 11 11 11 11 11 11 11 11 11 11 11 11 11 11 11 10 11 11 11 6 4 4 6 6 4 4 5 5 5 5 11 11 4 5 5 5 5 5 5 5 5 4 5 0 0 0 0 0 0 0 0 0 0 
0 0 0 0 0 0 0 0 0 0 5 11 10 11 11 4 11 11 5 11 11 4 6 6 6 5 6 4 4 5 4 11 11 6 11 11 5 11 11 11 6 11 11 11 9 11 11 11 8 11 11 11 11 11 11 11 11 11 11 11 11 10 11 12 11 11 11 11 11 11 11 11 11 11 11 11 11 11 11 11 11 11 11 11 11 11 4 1 1 1 3 1 1 2 3 3 1 11 11 1 1 3 3 3 3 2 3 2 1 5 0 0 0 0 0 0 0 0 0 0 
0 0 0 0 0 0 0 0 0 0 4 11 12 11 11 5 11 11 5 11 11 4 1 1 1 1 2 1 1 1 2 11 11 4 11 11 4 11 7 11 4 11 11 11 11 11 11 12 8 11 8 11 11 11 9 11 11 11 10 11 11 12 11 11 7 11 11 11 11 9 10 9 11 11 11 11 13 11 9 11 8 11 11 11 11 11 5 19 19 15 19 14 14 14 16 15 19 11 11 19 14 15 14 14 14 17 15 16 19 4 0 0 0 0 0 0 0 0 0 0 
0 0 0 0 0 0 0 0 0 0 5 11 11 11 11 5 11 11 5 11 11 6 15 14 18 19 14 16 14 15 20 11 11 5 11 11 6 11 11 11 6 11 11 11 11 11 11 11 11 11 11 11 11 11 11 11 11 11 11 11 11 11 11 13 11 11 9 11 11 11 8 11 11 11 8 11 11 11 11 11 11 11 11 8 11 11 6 11 11 11 11 11 11 10 11 11 11 11 11 11 11 11 11 11 11 11 11 11 11 5 0 0 0 0 0 0 0 0 0 0 
0 0 0 0 0 0 0 0 0 0 6 11 11 11 11 4 11 11 5 7 11 5 11 11 11 11 11 11 11 11 11 11 11 5 11 11 5 11 11 11 5 11 11 11 11 11 8 11 11 11 11 8 11 11 11 11 9 8 11 11 11 11 11 10 11 11 11 10 11 11 11 11 13 10 11 11 11 11 11 8 11 11 9 11 11 11 6 11 11 11 11 11 11 11 11 11 11 11 11 11 11 11 11 11 11 11 12 11 11 4 0 0 0 0 0 0 0 0 0 0 
0 0 0 0 0 0 0 0 0 0 5 5 5 5 5 4 11 11 5 11 11 4 5 5 5 4 6 6 6 5 5 6 4 4 11 11 6 11 11 11 6 11 11 11 11 11 8 11 11 11 11 11 11 11 11 11 11 11 8 11 11 11 11 11 7 11 11 11 11 11 10 11 11 11 11 12 11 11 11 10 10 11 11 11 11 11 5 11 11 11 11 11 13 11 11 11 11 11 10 11 11 7 11 11 8 11 11 11 11 4 0 0 0 0 0 0 0 0 0 0 
0 0 0 0 0 0 0 0 0 0 5 1 2 2 2 2 11 11 5 11 11 1 1 2 1 1 2 1 1 1 1 1 1 1 11 11 5 11 11 11 5 11 11 8 11 11 11 11 11 11 11 11 11 11 11 11 11 11 11 11 11 11 11 11 11 11 11 11 11 11 11 11 11 11 11 9 11 11 11 11 11 9 11 11 11 11 5 11 11 11 10 11 11 11 11 11 9 11 11 11 11 11 11 11 11 13 11 11 11 5 0 0 0 0 0 0 0 0 0 0 
0 0 0 0 0 0 0 0 0 0 6 19 16 15 14 19 11 11 4 11 11 19 14 14 15 14 18 14 16 14 14 19 14 14 11 11 4 11 11 11 6 11 11 11 11 11 11 11 11 11 11 13 11 11 11 11 12 11 11 11 11 11 11 11 11 11 8 11 11 11 11 11 11 11 11 11 11 11 11 11 11 11 11 11 11 11 5 11 11 11 11 11 11 11 11 11 11 11 11 11 11 11 11 11 11 11 11 11 11 5 0 0 0 0 0 0 0 0 0 0 
0 0 0 0 0 0 0 0 0 0 4 11 11 11 11 11 11 11 4 11 11 11 11 11 11 11 11 11 11 11 11 11 11 11 11 11 4 11 11 11 4 11 11 11 11 11 11 11 11 11 11 11 11 11 11 11 11 11 11 11 11 11 11 11 11 11 11 11 11 11 11 11 11 11 11 11 11 11 11 11 11 11 11 11 11 11 5 11 11 11 11 11 11 11 11 13 11 11 11 11 11 10 11 11 11 11 11 11 11 5 0 0 0 0 0 0 0 0 0 0 
0 0 0 0 0 0 0 0 0 0 5 5 5 6 4 5 4 5 5 5 5 6 4 4 6 4 5 5 4 6 6 6 6 6 4 5 6 5 6 4 5 5 6 4 6 4 4 4 6 6 4 4 6 4 4 6 4 4 6 4 4 5 5 5 5 6 5 5 5 6 6 5 6 5 5 6 4 5 5 5 5 6 4 5 5 5 5 4 4 5 5 5 5 5 5 5 4 4 4 4 4 4 6 5 5 6 5 6 5 5 0 0 0 0 0 0 0 0 0 0 
0 0 0 0 0 0 0 0 0 0 1 1 3 2 3 2 1 2 2 2 1 3 2 3 3 3 3 3 2 1 3 3 1 3 1 1 2 2 1 2 2 2 2 2 2 1 3 3 2 2 2 2 2 2 3 3 1 1 1 3 1 1 3 3 3 3 3 3 3 3 3 2 2 1 1 1 1 2 1 2 2 3 3 2 3 3 1 2 1 2 2 3 1 2 2 2 2 2 3 2 2 2 2 3 1 2 1 2 2 2 0 0 0 0 0 0 0 0 0 0 
0 0 0 0 0 0 0 0 0 0 0 0 0 0 0 0 0 0 0 0 0 0 0 0 0 0 0 0 0 0 0 0 0 0 0 0 0 0 0 0 0 0 0 0 0 0 0 0 0 0 0 0 0 0 0 0 0 0 0 0 0 0 0 0 0 0 0 0 0 0 0 0 0 0 0 0 0 0 0 0 0 0 0 0 0 0 0 0 0 0 0 0 0 0 0 0 0 0 0 0 0 0 0 0 0 0 0 0 0 0 0 0 0 0 0 0 0 0 0 0 
0 0 0 0 0 0 0 0 0 0 0 0 0 0 0 0 0 0 0 0 0 0 0 0 0 0 0 0 0 0 0 0 0 0 0 0 0 0 0 0 0 0 0 0 0 0 0 0 0 0 0 0 0 0 0 0 0 0 0 0 0 0 0 0 0 0 0 0 0 0 0 0 0 0 0 0 0 0 0 0 0 0 0 0 0 0 0 0 0 0 0 0 0 0 0 0 0 0 0 0 0 0 0 0 0 0 0 0 0 0 0 0 0 0 0 0 0 0 0 0 
0 0 0 0 0 0 0 0 0 0 0 0 0 0 0 0 0 0 0 0 0 0 0 0 0 0 0 0 0 0 0 0 0 0 0 0 0 0 0 0 0 0 0 0 0 0 0 0 0 0 0 0 0 0 0 0 0 0 0 0 0 0 0 0 0 0 0 0 0 0 0 0 0 0 0 0 0 0 0 0 0 0 0 0 0 0 0 0 0 0 0 0 0 0 0 0 0 0 0 0 0 0 0 0 0 0 0 0 0 0 0 0 0 0 0 0 0 0 0 0 
0 0 0 0 0 0 0 0 0 0 0 0 0 0 0 0 0 0 0 0 0 0 0 0 0 0 0 0 0 0 0 0 0 0 0 0 0 0 0 0 0 0 0 0 0 0 0 0 0 0 0 0 0 0 0 0 0 0 0 0 0 0 0 0 0 0 0 0 0 0 0 0 0 0 0 0 0 0 0 0 0 0 0 0 0 0 0 0 0 0 0 0 0 0 0 0 0 0 0 0 0 0 0 0 0 0 0 0 0 0 0 0 0 0 0 0 0 0 0 0 
0 0 0 0 0 0 0 0 0 0 0 0 0 0 0 0 0 0 0 0 0 0 0 0 0 0 0 0 0 0 0 0 0 0 0 0 0 0 0 0 0 0 0 0 0 0 0 0 0 0 0 0 0 0 0 0 0 0 0 0 0 0 0 0 0 0 0 0 0 0 0 0 0 0 0 0 0 0 0 0 0 0 0 0 0 0 0 0 0 0 0 0 0 0 0 0 0 0 0 0 0 0 0 0 0 0 0 0 0 0 0 0 0 0 0 0 0 0 0 0 
0 0 0 0 0 0 0 0 0 0 0 0 0 0 0 0 0 0 0 0 0 0 0 0 0 0 0 0 0 0 0 0 0 0 0 0 0 0 0 0 0 0 0 0 0 0 0 0 0 0 0 0 0 0 0 0 0 0 0 0 0 0 0 0 0 0 0 0 0 0 0 0 0 0 0 0 0 0 0 0 0 0 0 0 0 0 0 0 0 0 0 0 0 0 0 0 0 0 0 0 0 0 0 0 0 0 0 0 0 0 0 0 0 0 0 0 0 0 0 0 
0 0 0 0 0 0 0 0 0 0 0 0 0 0 0 0 0 0 0 0 0 0 0 0 0 0 0 0 0 0 0 0 0 0 0 0 0 0 0 0 0 0 0 0 0 0 0 0 0 0 0 0 0 0 0 0 0 0 0 0 0 0 0 0 0 0 0 0 0 0 0 0 0 0 0 0 0 0 0 0 0 0 0 0 0 0 0 0 0 0 0 0 0 0 0 0 0 0 0 0 0 0 0 0 0 0 0 0 0 0 0 0 0 0 0 0 0 0 0 0 
0 0 0 0 0 0 0 0 0 0 0 0 0 0 0 0 0 0 0 0 0 0 0 0 0 0 0 0 0 0 0 0 0 0 0 0 0 0 0 0 0 0 0 0 0 0 0 0 0 0 0 0 0 0 0 0 0 0 0 0 0 0 0 0 0 0 0 0 0 0 0 0 0 0 0 0 0 0 0 0 0 0 0 0 0 0 0 0 0 0 0 0 0 0 0 0 0 0 0 0 0 0 0 0 0 0 0 0 0 0 0 0 0 0 0 0 0 0 0 0 
0 0 0 0 0 0 0 0 0 0 0 0 0 0 0 0 0 0 0 0 0 0 0 0 0 0 0 0 0 0 0 0 0 0 0 0 0 0 0 0 0 0 0 0 0 0 0 0 0 0 0 0 0 0 0 0 0 0 0 0 0 0 0 0 0 0 0 0 0 0 0 0 0 0 0 0 0 0 0 0 0 0 0 0 0 0 0 0 0 0 0 0 0 0 0 0 0 0 0 0 0 0 0 0 0 0 0 0 0 0 0 0 0 0 0 0 0 0 0 0 
0 0 0 0 0 0 0 0 0 0 0 0 0 0 0 0 0 0 0 0 0 0 0 0 0 0 0 0 0 0 0 0 0 0 0 0 0 0 0 0 0 0 0 0 0 0 0 0 0 0 0 0 0 0 0 0 0 0 0 0 0 0 0 0 0 0 0 0 0 0 0 0 0 0 0 0 0 0 0 0 0 0 0 0 0 0 0 0 0 0 0 0 0 0 0 0 0 0 0 0 0 0 0 0 0 0 0 0 0 0 0 0 0 0 0 0 0 0 0 0 
0 0 0 0 0 0 0 0 0 0 0 0 0 0 0 0 0 0 0 0 0 0 0 0 0 0 0 0 0 0 0 0 0 0 0 0 0 0 0 0 0 0 0 0 0 0 0 0 0 0 0 0 0 0 0 0 0 0 0 0 0 0 0 0 0 0 0 0 0 0 0 0 0 0 0 0 0 0 0 0 0 0 0 0 0 0 0 0 0 0 0 0 0 0 0 0 0 0 0 0 0 0 0 0 0 0 0 0 0 0 0 0 0 0 0 0 0 0 0 0 