0 0 0 0 0 0 0 0 0 0 0 0 0 0 0 0 0 0 0 0 0 0 0 0 0 0 0 0 0 0 0 0 0 0 0 0 0 0 0 0 0 0 0 0 0 0 0 0 0 0 0 0 0 0 0 0 0 0 0 0 0 0 0 0 0 0 0 0 0 0 0 0 0 0 0 0 0 0 0 0 0 0 0 0 0 0 0 0 0 0 0 0 0 0 0 0 0 0 0 0 0 0 0 0 0 0 0 0 0 0 0 0 0 0 0 0 0 0 0 0 0
0 0 0 0 0 0 0 0 0 0 0 0 0 0 0 0 0 0 0 0 0 0 0 0 0 0 0 0 0 0 0 0 0 0 0 0 0 0 0 0 0 0 0 0 0 0 0 0 0 0 0 0 0 0 0 0 0 0 0 0 0 0 0 0 0 0 0 0 0 0 0 0 0 0 0 0 0 0 0 0 0 0 0 0 0 0 0 0 0 0 0 0 0 0 0 0 0 0 0 0 0 0 0 0 0 0 0 0 0 0 0 0 0 0 0 0 0 0 0 0 0
0 0 0 0 0 0 0 0 0 0 0 0 0 0 0 0 0 0 0 0 0 0 0 0 0 0 0 0 0 0 0 0 0 0 0 0 0 0 0 0 0 0 0 0 0 0 0 0 0 0 0 0 0 0 0 0 0 0 0 0 0 0 0 0 0 0 0 0 0 0 0 0 0 0 0 0 0 0 0 0 0 0 0 0 0 0 0 0 0 0 0 0 0 0 0 0 0 0 0 0 0 0 0 0 0 0 0 0 0 0 0 0 0 0 0 0 0 0 0 0 0
0 0 0 0 0 0 0 0 0 0 0 0 0 0 0 0 0 0 0 0 0 0 0 0 0 0 0 0 0 0 0 0 0 0 0 0 0 0 0 0 0 0 0 0 0 0 0 0 0 0 0 0 0 0 0 0 0 0 0 0 0 0 0 0 0 0 0 0 0 0 0 0 0 0 0 0 0 0 0 0 0 0 0 0 0 0 0 0 0 0 0 0 0 0 0 0 0 0 0 0 0 0 0 0 0 0 0 0 0 0 0 0 0 0 0 0 0 0 0 0 0
0 0 0 0 0 0 0 0 0 0 0 0 0 0 0 0 0 0 0 0 0 0 0 0 0 0 0 0 0 0 0 0 0 0 0 0 0 0 0 0 0 0 0 0 0 0 0 0 0 0 0 0 0 0 0 0 0 0 0 0 0 0 0 0 0 0 0 0 0 0 0 0 0 0 0 0 0 0 0 0 0 0 0 0 0 0 0 0 0 0 0 0 0 0 0 0 0 0 0 0 0 0 0 0 0 0 0 0 0 0 0 0 0 0 0 0 0 0 0 0 0
0 0 0 0 0 0 0 0 0 0 0 0 0 0 0 0 0 0 0 0 0 0 0 0 0 0 0 0 0 0 0 0 0 0 0 0 0 0 0 0 0 0 0 0 0 0 0 0 0 0 0 0 0 0 0 0 0 0 0 0 0 0 0 0 0 0 0 0 0 0 0 0 0 0 0 0 0 0 0 0 0 0 0 0 0 0 0 0 0 0 0 0 0 0 0 0 0 0 0 0 0 0 0 0 0 0 0 0 0 0 0 0 0 0 0 0 0 0 0 0 0
0 0 0 0 0 0 0 0 0 0 0 0 0 0 0 0 0 0 0 0 0 0 0 0 0 0 0 0 0 0 0 0 0 0 0 0 0 0 0 0 0 0 0 0 0 0 0 0 0 0 0 0 0 0 0 0 0 0 0 0 0 0 0 0 0 0 0 0 0 0 0 0 0 0 0 0 0 0 0 0 0 0 0 0 0 0 0 0 0 0 0 0 0 0 0 0 0 0 0 0 0 0 0 0 0 0 0 0 0 0 0 0 0 0 0 0 0 0 0 0 0
0 0 0 0 0 0 0 0 0 0 0 0 0 0 0 0 0 0 0 0 0 0 0 0 0 0 0 0 0 0 0 0 0 0 0 0 0 0 0 0 0 0 0 0 0 0 0 0 0 0 0 0 0 0 0 0 0 0 0 0 0 0 0 0 0 0 0 0 0 0 0 0 0 0 0 0 0 0 0 0 0 0 0 0 0 0 0 0 0 0 0 0 0 0 0 0 0 0 0 0 0 0 0 0 0 0 0 0 0 0 0 0 0 0 0 0 0 0 0 0 0
0 0 0 0 0 0 0 0 0 0 0 0 0 0 0 0 0 0 0 0 0 0 0 0 0 0 0 0 0 0 0 0 0 0 0 0 0 0 0 0 0 0 0 0 0 0 0 0 0 0 0 0 0 0 0 0 0 0 0 0 0 0 0 0 0 0 0 0 0 0 0 0 0 0 0 0 0 0 0 0 0 0 0 0 0 0 0 0 0 0 0 0 0 0 0 0 0 0 0 0 0 0 0 0 0 0 0 0 0 0 0 0 0 0 0 0 0 0 0 0 0
0 0 0 0 0 0 0 0 0 0 0 0 0 0 0 0 0 0 0 0 0 0 0 0 0 0 0 0 0 0 0 0 0 0 0 0 0 0 0 0 0 0 0 0 0 0 0 0 0 0 0 0 0 0 0 0 0 0 0 0 0 0 0 0 0 0 0 0 0 0 0 0 0 0 0 0 0 0 0 0 0 0 0 0 0 0 0 0 0 0 0 0 0 0 0 0 0 0 0 0 0 0 0 0 0 0 0 0 0 0 0 0 0 0 0 0 0 0 0 0 0
0 0 0 0 0 0 0 0 0 0 48 48 48 50 49 48 49 48 48 50 48 48 48 50 48 48 48 48 48 50 48 48 50 48 48 48 50 48 48 49 50 48 48 49 50 48 48 49 50 49 49 48 50 50 48 49 48 48 48 48 50 48 49 49 48 48 48 48 48 50 48 48 50 48 48 48 49 48 50 48 48 48 49 50 49 49 48 48 49 49 48 48 48 48 48 49 48 50 49 48 49 50 48 50 48 48 49 49 48 48 0 0 0 0 0 0 0 0 0 0 
0 0 0 0 0 0 0 0 0 0 49 46 46 46 47 47 46 46 46 47 45 47 47 46 46 47 46 46 46 45 47 46 46 47 46 46 46 45 47 47 46 45 46 46 50 47 47 46 46 47 46 46 45 46 46 47 46 46 47 46 46 45 46 45 47 45 46 45 47 45 45 47 45 45 45 45 47 46 45 46 46 46 46 46 47 45 46 47 46 46 47 46 46 46 46 45 46 46 46 45 46 46 46 46 47 47 46 45 46 49 0 0 0 0 0 0 0 0 0 0 
0 0 0 0 0 0 0 0 0 0 48 64 61 61 60 61 62 61 61 65 61 61 61 60 61 61 61 61 63 61 65 61 62 61 61 61 61 60 61 61 61 61 61 61 48 61 64 61 61 60 61 61 61 61 62 61 61 65 61 60 61 61 61 61 61 61 61 61 61 60 61 61 61 61 61 61 61 64 61 61 61 61 61 61 60 61 61 61 63 61 61 61 61 61 62 61 61 61 65 61 61 60 61 61 61 61 61 61 63 50 0 0 0 0 0 0 0 0 0 0 
0 0 0 0 0 0 0 0 0 0 49 54 54 54 54 54 54 51 54 54 54 54 54 54 54 54 53 54 54 54 54 54 54 54 54 52 54 54 54 54 54 54 53 54 50 54 54 54 54 54 56 54 54 54 54 54 54 54 54 54 54 54 54 52 54 54 54 54 54 54 54 54 54 54 54 54 54 57 54 54 52 54 54 54 54 54 54 54 54 54 53 54 54 54 54 54 54 54 54 54 54 54 54 54 54 54 54 52 54 49 0 0 0 0 0 0 0 0 0 0 
0 0 0 0 0 0 0 0 0 0 50 54 54 48 48 49 50 49 48 49 49 49 49 48 48 49 49 48 48 49 49 50 49 48 49 49 49 50 49 50 49 48 54 54 48 54 54 50 48 49 49 50 49 49 50 48 50 50 50 50 48 49 49 50 49 48 48 49 50 49 48 49 49 50 49 50 50 54 54 50 49 48 48 49 50 49 50 50 50 48 49 49 50 48 49 49 48 49 50 48 49 50 49 50 49 50 48 54 57 48 0 0 0 0 0 0 0 0 0 0 
0 0 0 0 0 0 0 0 0 0 49 54 54 45 47 47 45 47 45 45 45 46 47 47 46 45 47 45 46 47 45 45 47 45 45 46 46 47 45 46 45 49 54 54 48 54 54 45 45 47 45 46 45 45 46 47 45 46 45 45 46 45 47 46 45 46 46 47 45 46 47 45 45 47 47 45 50 54 54 49 45 46 45 47 47 46 47 45 46 45 45 47 46 45 45 47 45 45 46 47 45 46 47 45 46 46 45 54 53 49 0 0 0 0 0 0 0 0 0 0 
0 0 0 0 0 0 0 0 0 0 48 54 54 61 61 61 61 60 61 61 65 61 61 60 61 61 61 61 60 61 61 61 61 61 61 63 61 61 64 61 61 49 54 52 49 54 54 61 61 61 61 61 61 60 61 64 61 61 61 61 62 61 61 61 61 61 61 64 60 61 61 61 65 61 61 63 50 56 54 48 63 61 62 61 64 61 61 65 61 61 63 61 61 60 61 61 61 61 63 61 61 61 62 61 61 61 61 54 54 48 0 0 0 0 0 0 0 0 0 0 
0 0 0 0 0 0 0 0 0 0 50 54 54 54 54 54 54 54 54 54 54 54 54 54 54 54 54 54 54 54 54 54 54 54 54 54 54 54 54 58 54 48 54 54 48 54 54 54 54 54 54 54 54 54 52 54 54 54 54 54 54 54 54 54 54 54 54 54 54 54 54 54 54 54 58 54 50 55 54 49 54 59 54 54 54 54 54 54 54 54 54 54 54 54 54 54 54 54 54 54 54 54 54 54 57 59 54 54 54 49 0 0 0 0 0 0 0 0 0 0 
0 0 0 0 0 0 0 0 0 0 50 54 54 54 54 54 54 54 54 54 54 54 54 54 54 54 54 54 54 54 54 54 54 54 54 54 54 54 54 54 54 49 54 54 50 54 54 56 54 54 54 54 54 54 54 54 54 54 54 54 54 54 54 56 54 54 54 54 54 54 54 54 54 54 54 54 49 54 54 50 54 54 54 54 54 54 54 54 54 51 54 54 54 54 54 54 54 54 52 54 51 57 54 54 54 53 54 54 54 50 0 0 0 0 0 0 0 0 0 0 
0 0 0 0 0 0 0 0 0 0 48 54 54 54 58 54 54 54 54 54 54 54 54 54 52 54 54 54 54 54 54 54 54 54 54 54 54 54 54 54 54 48 53 54 49 54 54 54 54 54 54 54 54 54 54 54 54 54 54 54 54 51 54 54 54 54 51 54 54 54 54 54 54 55 54 54 50 57 54 48 54 54 54 54 57 54 54 54 54 54 54 52 54 54 57 54 54 54 54 54 54 54 54 54 54 54 54 54 54 50 0 0 0 0 0 0 0 0 0 0 
0 0 0 0 0 0 0 0 0 0 49 54 54 54 54 54 54 51 54 54 54 54 54 54 54 54 54 54 56 52 54 54 54 54 54 50 48 50 48 50 48 50 54 54 50 50 50 50 50 50 48 50 48 49 48 50 49 54 54 54 54 54 53 54 54 54 54 54 54 54 54 54 54 54 54 54 48 54 54 50 54 54 54 54 54 54 54 54 54 54 54 54 54 54 54 54 54 54 54 54 54 54 54 54 54 54 54 54 54 49 0 0 0 0 0 0 0 0 0 0 
0 0 0 0 0 0 0 0 0 0 48 54 54 54 54 54 54 54 54 54 54 54 54 54 54 54 54 54 54 54 54 54 54 54 54 49 45 47 46 45 47 46 54 54 47 47 47 45 45 46 47 46 45 46 47 46 48 54 54 56 54 54 54 54 54 54 54 54 54 54 54 54 54 54 54 54 49 54 54 49 48 49 48 50 50 48 50 49 48 50 49 50 49 50 48 49 49 48 50 49 48 50 49 48 48 48 50 50 49 48 0 0 0 0 0 0 0 0 0 0 
0 0 0 0 0 0 0 0 0 0 49 54 54 54 55 54 54 54 54 54 54 54 54 54 54 54 54 54 54 57 54 54 54 54 54 48 61 64 60 62 61 61 54 55 61 61 63 61 60 61 62 61 61 60 61 61 48 54 54 54 54 54 54 54 54 54 57 54 54 54 55 54 54 54 54 54 50 54 54 45 45 46 45 46 47 46 46 47 47 47 45 46 45 47 47 46 45 45 46 47 47 46 45 45 46 45 45 46 45 49 0 0 0 0 0 0 0 0 0 0 
0 0 0 0 0 0 0 0 0 0 48 54 54 54 54 54 54 54 54 54 54 54 53 54 54 54 54 54 54 57 54 54 54 54 54 49 54 54 54 54 54 54 54 54 54 54 54 54 54 54 54 54 54 54 54 54 50 54 54 54 54 54 54 54 54 54 54 54 54 54 54 54 54 57 54 54 49 54 57 61 61 63 62 61 61 61 61 60 61 61 62 61 61 63 61 61 61 61 65 61 61 61 61 61 63 60 61 61 63 48 0 0 0 0 0 0 0 0 0 0 
0 0 0 0 0 0 0 0 0 0 49 54 54 57 54 54 54 54 54 54 54 54 54 54 54 54 54 54 54 54 54 54 54 54 54 50 54 54 54 54 54 54 54 54 54 54 54 54 54 54 54 54 54 54 54 54 49 48 50 50 49 50 49 48 49 49 48 48 54 54 54 54 54 54 54 54 49 54 54 54 54 54 54 54 54 54 54 54 54 54 54 54 54 54 54 54 54 54 54 54 54 54 54 54 54 54 54 54 54 49 0 0 0 0 0 0 0 0 0 0 
0 0 0 0 0 0 0 0 0 0 48 54 54 54 54 54 54 54 54 56 54 54 51 53 54 54 59 54 54 54 54 54 54 54 54 49 54 54 59 54 54 54 52 54 54 54 54 54 54 57 54 54 54 54 54 54 45 46 46 47 46 46 45 46 45 47 46 49 54 54 54 54 54 54 54 54 50 54 54 54 58 54 54 54 54 54 54 54 54 54 54 54 54 54 57 54 54 54 54 54 54 54 54 54 54 54 54 54 54 49 0 0 0 0 0 0 0 0 0 0 
0 0 0 0 0 0 0 0 0 0 49 54 54 54 54 54 54 54 54 54 54 54 54 54 54 54 54 54 54 54 54 54 54 54 54 49 54 54 54 54 54 54 54 54 54 54 54 54 54 54 54 54 54 54 54 54 61 61 61 60 61 63 61 61 60 61 61 49 54 54 56 54 54 54 54 54 49 54 54 54 54 54 54 54 54 54 54 54 54 56 54 54 54 54 54 54 54 54 54 54 54 53 54 54 54 54 54 54 54 48 0 0 0 0 0 0 0 0 0 0 
0 0 0 0 0 0 0 0 0 0 50 54 54 54 54 54 54 54 54 54 54 54 54 54 54 54 54 54 54 54 56 52 54 54 54 48 54 54 54 54 54 54 54 54 54 52 56 54 54 54 54 53 54 54 54 54 54 54 54 54 54 54 54 54 54 54 54 48 54 54 54 54 54 54 54 54 49 54 54 54 54 52 54 54 54 54 54 54 54 54 54 54 54 54 54 54 54 54 51 54 54 54 54 59 54 54 54 54 54 49 0 0 0 0 0 0 0 0 0 0 
0 0 0 0 0 0 0 0 0 0 50 54 54 54 54 53 54 54 54 54 54 54 54 54 54 54 54 54 54 54 54 54 54 54 54 48 54 54 54 54 54 54 54 54 54 54 54 54 54 54 54 54 54 54 54 54 49 50 48 48 49 48 50 50 48 54 54 48 54 54 54 54 51 54 54 54 50 54 54 57 54 54 54 54 54 54 54 51 53 54 54 54 54 54 54 54 54 54 54 54 54 54 54 54 54 54 54 51 54 48 0 0 0 0 0 0 0 0 0 0 
0 0 0 0 0 0 0 0 0 0 48 54 54 54 54 54 54 54 54 54 54 54 54 54 54 54 54 54 54 54 54 54 54 54 54 50 54 54 54 51 54 54 54 54 54 54 54 54 54 54 54 54 54 54 54 54 48 46 45 47 46 47 46 46 49 59 54 50 54 54 54 54 54 54 54 54 49 54 54 54 54 54 54 54 54 54 54 54 54 54 54 54 54 54 52 54 54 54 54 54 54 54 54 54 54 54 54 54 54 48 0 0 0 0 0 0 0 0 0 0 
0 0 0 0 0 0 0 0 0 0 50 54 54 54 54 54 54 54 54 54 54 54 54 55 54 54 54 54 54 57 54 54 54 54 54 49 54 54 54 54 54 54 56 54 54 54 54 54 54 54 54 54 54 54 54 54 46 65 61 61 60 61 61 64 48 54 54 49 54 54 54 54 54 54 54 54 50 55 54 54 54 54 54 54 54 54 54 54 54 54 54 54 54 54 54 54 54 54 54 54 54 54 54 54 54 54 54 54 54 49 0 0 0 0 0 0 0 0 0 0 
0 0 0 0 0 0 0 0 0 0 50 54 54 54 54 54 54 54 54 54 54 54 54 54 54 54 54 54 54 54 54 54 54 54 54 49 54 54 56 54 54 54 55 54 54 54 54 54 54 54 51 54 54 54 54 54 62 54 54 54 54 54 54 54 50 54 54 48 54 57 54 54 54 54 54 54 50 54 52 54 54 54 55 54 54 54 54 54 54 54 57 54 54 54 54 54 54 57 54 54 54 54 54 52 54 54 54 54 54 48 0 0 0 0 0 0 0 0 0 0 
0 0 0 0 0 0 0 0 0 0 49 54 54 54 54 54 54 54 54 54 54 54 54 54 54 54 54 54 54 54 54 54 54 54 54 50 54 54 54 54 54 54 54 54 54 54 54 54 54 54 54 54 54 54 54 54 54 54 54 54 54 54 54 54 50 54 54 48 54 54 54 54 54 54 54 54 49 54 54 54 54 54 54 54 54 54 54 54 54 54 54 54 54 54 54 54 54 54 54 54 54 54 54 54 54 54 54 54 54 50 0 0 0 0 0 0 0 0 0 0 
0 0 0 0 0 0 0 0 0 0 50 50 49 50 48 50 49 48 50 49 49 49 49 50 49 49 49 49 48 49 48 48 48 54 55 50 50 49 50 49 50 50 54 57 50 49 48 49 50 49 48 49 50 48 49 50 49 48 49 48 49 50 48 50 49 54 54 48 49 48 48 49 48 50 54 54 50 54 54 48 49 48 48 50 48 48 49 48 49 49 49 48 49 50 48 49 50 49 50 50 49 49 48 50 49 48 54 54 48 50 0 0 0 0 0 0 0 0 0 0 
0 0 0 0 0 0 0 0 0 0 49 47 46 50 46 45 45 47 45 47 46 45 47 45 46 45 45 46 45 46 47 45 48 54 54 45 46 47 45 46 46 50 54 54 50 45 46 45 47 45 47 45 46 45 46 45 45 46 45 46 45 46 47 45 45 54 54 46 47 46 48 45 47 46 54 54 48 54 54 49 45 47 46 46 45 47 46 45 47 45 46 45 47 47 46 45 46 47 45 46 45 45 46 47 46 46 54 54 45 49 0 0 0 0 0 0 0 0 0 0 
0 0 0 0 0 0 0 0 0 0 50 60 61 50 63 61 61 60 61 61 61 64 61 61 61 62 61 61 61 61 61 61 50 54 54 61 60 61 62 61 61 50 54 54 50 65 61 61 61 61 64 63 61 61 61 60 61 61 61 61 62 61 61 61 61 54 54 61 60 63 50 64 61 61 54 56 49 54 54 50 61 61 61 61 62 61 64 61 61 60 61 61 61 61 61 62 61 61 61 61 61 61 65 61 61 61 54 54 64 49 0 0 0 0 0 0 0 0 0 0 
0 0 0 0 0 0 0 0 0 0 49 54 59 49 54 54 54 54 54 54 54 54 54 54 54 54 54 54 54 54 54 54 50 54 54 54 54 54 54 54 54 50 55 54 50 54 54 54 54 54 54 54 54 54 54 54 54 54 54 54 54 54 54 54 54 54 54 54 54 54 50 54 54 54 54 54 49 54 54 49 58 54 54 54 54 54 54 54 54 54 54 54 54 54 54 54 54 54 54 54 54 54 54 54 54 54 54 54 54 49 0 0 0 0 0 0 0 0 0 0 
0 0 0 0 0 0 0 0 0 0 49 54 54 50 52 54 53 49 50 50 50 50 49 50 48 49 49 48 49 48 54 54 49 54 54 54 54 54 54 54 54 49 52 54 50 54 54 54 54 54 54 52 54 54 54 54 54 54 54 54 54 54 54 54 54 54 54 54 54 54 50 54 54 54 54 54 50 54 54 50 54 54 52 54 54 54 54 54 54 54 54 56 54 54 54 54 54 54 54 54 54 54 54 54 54 54 54 54 54 50 0 0 0 0 0 0 0 0 0 0 
0 0 0 0 0 0 0 0 0 0 49 56 54 49 54 55 54 50 45 45 46 45 47 45 47 45 45 47 45 49 54 54 50 54 54 54 54 54 54 52 54 50 54 54 49 54 54 54 54 54 54 54 54 54 54 54 54 54 54 54 54 54 54 54 54 54 54 54 54 54 50 54 54 54 54 54 49 56 54 48 54 54 54 54 54 54 54 53 54 54 54 54 54 54 54 54 55 54 54 54 54 54 54 52 54 54 54 54 54 48 0 0 0 0 0 0 0 0 0 0 
0 0 0 0 0 0 0 0 0 0 49 54 54 50 54 54 54 49 61 61 60 61 61 61 61 60 61 61 64 50 54 54 49 54 54 51 53 54 54 54 54 49 54 54 50 54 54 54 54 54 54 54 54 54 54 54 54 59 54 54 54 54 54 54 52 54 54 54 54 54 48 54 54 54 54 54 50 54 57 50 54 54 54 54 54 54 54 54 51 54 54 54 54 54 54 54 54 54 54 54 54 54 54 54 54 51 57 54 54 50 0 0 0 0 0 0 0 0 0 0 
0 0 0 0 0 0 0 0 0 0 48 54 54 50 54 51 54 49 54 54 54 54 54 54 54 54 54 54 54 49 51 54 49 54 54 54 54 54 54 54 54 49 54 54 50 54 54 54 54 54 51 54 54 54 54 54 54 54 54 54 54 54 54 54 54 54 54 54 54 54 49 54 54 51 54 54 50 54 54 48 54 54 54 54 54 54 54 54 54 54 54 54 54 54 54 54 54 54 53 57 54 54 54 54 54 54 54 54 54 49 0 0 0 0 0 0 0 0 0 0 
0 0 0 0 0 0 0 0 0 0 48 58 54 45 54 54 54 48 54 54 54 54 54 54 54 54 54 54 54 50 53 54 50 54 54 54 54 54 54 54 54 50 54 56 50 54 54 54 54 54 54 53 54 54 54 54 57 54 54 54 54 54 54 54 54 54 54 51 54 54 49 54 54 54 54 54 48 54 54 49 54 54 54 54 54 54 54 54 54 54 54 54 54 54 54 54 54 54 54 54 54 54 54 54 54 54 54 54 54 50 0 0 0 0 0 0 0 0 0 0 
0 0 0 0 0 0 0 0 0 0 49 54 54 60 54 54 54 49 54 54 54 54 54 54 52 54 54 54 54 50 54 55 49 54 54 54 56 54 54 54 54 50 53 54 50 54 54 54 54 54 54 54 54 54 54 54 54 54 54 54 54 54 54 54 54 54 53 54 54 54 50 54 54 54 54 54 48 54 54 48 54 54 57 54 54 54 54 54 54 54 54 54 54 54 54 54 54 54 54 54 54 54 54 54 54 54 54 54 54 49 0 0 0 0 0 0 0 0 0 0 
0 0 0 0 0 0 0 0 0 0 49 54 52 54 54 54 54 49 54 55 54 54 51 54 54 54 54 56 54 48 54 54 50 54 54 54 54 52 54 54 54 50 51 54 50 54 54 54 54 54 54 54 54 54 54 54 54 54 54 52 54 54 54 54 54 54 54 54 54 54 48 54 54 54 54 54 50 54 54 49 54 54 54 54 54 52 54 54 55 54 54 54 48 50 48 49 50 48 48 49 48 49 50 48 49 48 54 54 54 50 0 0 0 0 0 0 0 0 0 0 
0 0 0 0 0 0 0 0 0 0 48 54 54 50 54 56 54 48 54 54 54 54 54 54 54 54 54 54 54 48 54 54 49 54 54 54 54 54 54 54 54 50 54 54 50 54 54 54 54 54 54 54 54 55 54 54 54 54 54 54 54 54 54 54 54 54 54 54 54 54 50 54 54 54 53 54 50 54 54 48 54 54 54 54 54 54 54 54 54 54 54 54 49 45 46 45 47 47 45 47 47 45 46 45 46 49 54 54 54 49 0 0 0 0 0 0 0 0 0 0 
0 0 0 0 0 0 0 0 0 0 48 55 54 48 54 54 54 50 54 54 54 54 54 54 54 54 54 54 54 49 54 54 50 54 54 54 54 54 54 54 54 49 54 54 50 54 54 54 54 54 54 54 54 56 54 54 54 54 54 54 54 54 54 54 56 54 54 54 54 54 50 54 54 54 54 54 48 53 54 49 54 54 54 54 59 54 54 54 54 54 54 54 48 65 61 61 61 61 61 61 61 60 61 60 63 50 54 56 54 50 0 0 0 0 0 0 0 0 0 0 
0 0 0 0 0 0 0 0 0 0 49 54 54 49 54 54 54 50 54 54 49 48 48 50 49 48 50 50 49 50 54 54 49 50 49 50 50 50 50 50 49 50 54 54 49 50 50 50 50 50 54 54 54 54 54 54 54 53 54 54 54 54 54 54 54 54 54 54 54 54 50 54 54 54 54 54 50 54 57 48 54 54 54 54 54 54 54 54 54 54 54 54 50 54 54 54 54 54 51 54 54 54 54 54 54 49 54 54 54 49 0 0 0 0 0 0 0 0 0 0 
0 0 0 0 0 0 0 0 0 0 50 54 54 48 54 54 54 48 54 54 47 47 46 47 45 46 45 47 46 46 54 54 45 46 46 45 47 46 45 47 46 45 54 57 45 45 47 45 45 49 54 54 54 54 54 54 54 54 54 54 54 54 54 54 54 54 54 54 54 54 50 49 50 49 50 50 49 54 54 49 48 48 48 49 50 48 50 50 50 48 49 49 49 54 54 49 48 50 50 48 49 48 49 54 54 50 54 54 54 50 0 0 0 0 0 0 0 0 0 0 
0 0 0 0 0 0 0 0 0 0 49 54 54 48 54 54 54 50 55 54 61 60 61 62 61 61 64 61 61 61 54 54 61 60 61 64 61 62 63 61 61 61 54 54 61 62 61 60 64 50 54 54 54 54 54 54 54 54 54 54 54 54 54 54 54 54 54 54 54 54 48 45 46 45 47 46 46 54 54 45 45 46 47 47 45 46 47 45 46 45 45 47 46 54 54 46 46 45 46 47 47 46 48 54 54 48 54 54 54 48 0 0 0 0 0 0 0 0 0 0 
0 0 0 0 0 0 0 0 0 0 50 54 53 50 54 52 54 50 54 54 54 54 54 54 54 54 54 54 54 54 54 54 54 54 54 54 54 54 54 54 54 54 54 54 54 54 54 58 54 49 54 54 54 54 54 54 54 54 54 54 54 54 54 54 54 54 54 54 54 54 49 63 61 64 61 61 61 54 54 60 61 61 61 62 61 61 61 60 61 65 61 61 61 54 54 65 61 62 61 61 61 64 49 54 54 48 58 54 54 49 0 0 0 0 0 0 0 0 0 0 
0 0 0 0 0 0 0 0 0 0 49 54 54 49 54 54 54 49 54 54 54 54 54 54 54 54 54 54 54 54 54 54 54 58 57 54 54 54 54 54 54 54 54 54 54 54 54 54 54 50 49 50 49 50 49 50 49 50 50 54 54 50 50 50 48 50 48 48 50 48 50 54 54 54 54 54 54 54 54 54 54 54 54 54 54 54 54 54 54 54 54 54 54 54 54 54 54 54 54 54 54 54 48 51 54 48 54 54 54 48 0 0 0 0 0 0 0 0 0 0 
0 0 0 0 0 0 0 0 0 0 48 54 54 48 55 54 54 50 54 59 54 54 54 53 54 54 54 54 54 54 54 55 54 54 54 54 54 54 54 54 54 54 54 52 54 54 54 54 54 46 47 46 47 45 45 46 46 47 49 54 54 50 45 47 46 45 45 47 45 45 46 54 54 54 54 54 54 54 54 54 54 54 54 54 54 54 54 54 54 54 54 54 54 54 54 54 54 54 54 54 54 54 49 54 54 50 54 54 56 48 0 0 0 0 0 0 0 0 0 0 
0 0 0 0 0 0 0 0 0 0 50 51 54 49 54 54 54 49 54 54 54 54 51 54 54 52 54 54 54 54 54 54 54 54 54 54 54 54 54 54 54 54 54 56 54 54 54 54 54 61 61 61 61 60 61 62 61 64 49 56 54 49 63 61 61 64 61 61 61 62 61 54 54 54 54 54 54 54 55 54 54 54 54 54 53 54 54 54 54 54 54 54 54 54 54 54 55 54 54 53 58 54 48 54 54 49 54 54 59 49 0 0 0 0 0 0 0 0 0 0 
0 0 0 0 0 0 0 0 0 0 49 54 54 48 54 54 54 48 54 54 54 54 54 54 54 54 54 54 54 54 54 54 54 54 54 54 54 55 54 53 54 54 54 54 54 54 54 54 54 54 55 54 54 54 54 54 58 54 50 54 55 48 54 54 54 54 54 58 54 54 54 54 54 54 54 54 54 54 54 54 51 54 54 54 54 54 54 54 54 54 54 54 54 54 54 54 54 54 48 49 48 48 48 54 55 50 49 50 49 48 0 0 0 0 0 0 0 0 0 0 
0 0 0 0 0 0 0 0 0 0 50 54 54 48 54 54 54 50 54 54 54 54 54 54 54 54 54 54 54 54 51 54 54 54 54 54 54 54 54 54 54 54 54 54 54 54 54 54 54 54 54 54 54 59 54 54 54 54 49 54 54 49 54 54 54 54 54 54 54 54 54 54 54 54 54 54 54 54 54 54 54 54 54 54 54 54 54 54 54 54 54 54 54 54 54 52 54 54 48 47 46 46 45 54 54 47 46 46 45 48 0 0 0 0 0 0 0 0 0 0 
0 0 0 0 0 0 0 0 0 0 49 54 54 48 54 54 54 49 54 54 54 54 54 54 57 54 54 54 54 54 54 53 54 54 54 54 54 54 54 54 54 54 54 54 54 54 54 54 54 50 49 50 49 50 49 50 49 50 50 53 54 50 50 48 48 49 50 49 50 48 48 49 54 57 54 54 54 54 54 54 54 54 54 54 54 59 51 54 54 54 54 54 54 54 54 54 54 54 49 63 61 62 61 54 54 61 61 60 64 49 0 0 0 0 0 0 0 0 0 0 
0 0 0 0 0 0 0 0 0 0 50 54 54 50 54 57 54 49 54 54 54 54 54 54 54 54 54 54 54 54 54 54 54 54 54 54 54 54 54 54 54 54 54 54 54 54 54 54 54 49 45 47 46 45 47 45 45 46 46 54 57 46 47 47 46 45 45 47 45 47 46 48 54 54 54 54 54 54 54 54 54 54 54 54 54 54 54 54 54 54 53 54 54 54 54 54 54 54 48 54 54 54 54 54 54 54 54 54 54 50 0 0 0 0 0 0 0 0 0 0 
0 0 0 0 0 0 0 0 0 0 48 48 50 49 54 54 54 49 49 48 49 49 50 50 49 50 50 49 50 54 54 54 54 54 54 54 54 55 54 54 54 53 54 54 54 54 54 54 54 50 63 61 60 61 65 61 61 61 60 54 54 61 61 65 61 61 61 60 61 63 64 49 54 54 54 54 54 54 54 54 54 52 54 54 54 54 54 54 54 54 54 54 54 54 54 54 54 54 50 54 54 54 54 54 54 54 54 54 54 49 0 0 0 0 0 0 0 0 0 0 
0 0 0 0 0 0 0 0 0 0 48 46 45 46 54 54 54 45 45 47 45 45 46 45 46 47 46 45 49 54 54 54 54 54 54 54 54 52 54 54 54 57 54 54 54 54 54 54 54 49 54 54 54 54 54 54 54 54 54 54 54 54 54 54 54 54 54 54 54 54 54 48 54 54 54 54 54 54 54 54 54 54 54 54 54 54 54 54 54 54 54 54 54 54 54 54 54 54 50 54 54 54 54 54 54 54 54 54 54 50 0 0 0 0 0 0 0 0 0 0 
0 0 0 0 0 0 0 0 0 0 49 63 60 61 54 54 54 61 65 61 61 60 61 62 60 61 61 63 50 54 54 54 54 54 54 54 54 54 54 54 54 54 54 54 54 54 54 54 54 50 54 54 54 54 54 54 54 54 54 54 54 54 54 54 54 54 54 54 54 54 54 50 54 54 54 54 56 54 54 54 54 54 54 54 54 54 54 54 54 54 54 54 54 54 54 54 54 54 48 54 54 54 54 54 54 54 54 54 54 49 0 0 0 0 0 0 0 0 0 0 
0 0 0 0 0 0 0 0 0 0 49 59 54 54 54 54 54 54 54 54 54 54 54 54 54 54 54 54 50 54 54 57 54 54 54 54 54 54 54 54 54 54 54 54 55 54 54 54 54 50 54 54 54 54 54 55 54 54 54 54 54 54 54 54 54 54 54 54 54 54 54 49 54 54 54 54 54 54 54 54 54 54 54 54 54 54 54 54 54 54 54 54 54 54 54 54 54 54 48 54 54 54 54 54 54 54 54 54 54 48 0 0 0 0 0 0 0 0 0 0 
0 0 0 0 0 0 0 0 0 0 50 54 54 54 54 54 54 54 54 54 54 54 54 54 54 54 54 54 50 54 54 54 54 54 54 54 54 54 54 54 54 54 54 54 54 54 54 54 54 49 54 54 54 54 54 54 54 54 54 54 54 54 54 54 55 54 54 54 54 54 54 48 54 54 54 54 54 54 54 54 54 54 57 54 54 54 54 54 52 54 54 54 54 54 54 57 54 54 49 54 54 54 59 54 54 54 53 54 54 49 0 0 0 0 0 0 0 0 0 0 
0 0 0 0 0 0 0 0 0 0 49 54 54 54 54 54 54 54 54 57 54 54 54 54 54 54 54 54 49 54 54 54 54 54 54 54 54 54 54 54 54 54 54 54 54 54 54 54 54 50 54 54 54 54 54 54 54 54 54 54 54 54 54 54 54 56 54 54 54 54 54 49 54 54 54 54 54 54 54 54 54 54 54 54 54 54 54 54 54 54 54 54 54 54 54 54 54 54 48 54 54 54 51 54 54 54 54 54 54 48 0 0 0 0 0 0 0 0 0 0 
0 0 0 0 0 0 0 0 0 0 48 54 54 54 54 51 54 54 54 54 54 54 54 54 54 54 54 54 50 50 50 50 50 50 50 49 49 50 49 50 50 49 50 50 49 50 50 50 49 49 54 57 54 54 54 54 54 54 54 54 54 54 54 54 54 54 54 54 54 54 54 50 54 54 54 51 54 54 54 54 54 54 54 54 54 54 54 54 54 54 54 54 54 54 54 54 54 54 49 54 54 54 54 54 54 54 54 54 54 49 0 0 0 0 0 0 0 0 0 0 
0 0 0 0 0 0 0 0 0 0 49 54 54 54 54 54 54 54 54 54 54 54 54 54 54 54 54 54 45 47 46 45 45 47 45 45 45 46 45 47 45 46 45 45 45 46 45 46 45 47 54 54 54 54 54 54 54 54 54 54 54 54 54 54 54 54 54 54 54 54 54 48 54 54 54 54 54 54 54 54 54 54 54 54 54 54 54 54 54 54 54 54 54 54 54 54 54 54 49 54 54 54 54 54 54 54 54 54 54 50 0 0 0 0 0 0 0 0 0 0 
0 0 0 0 0 0 0 0 0 0 50 54 54 54 54 54 54 54 54 54 54 57 58 53 54 54 54 54 61 61 60 61 61 61 61 61 62 61 63 61 61 60 62 61 61 61 60 61 61 61 54 54 54 54 54 52 54 54 54 54 54 54 59 51 54 54 54 54 54 54 54 49 48 49 48 50 50 49 50 48 49 48 48 50 49 49 48 49 49 50 50 50 48 48 49 50 49 48 48 54 54 54 54 54 54 54 54 54 54 48 0 0 0 0 0 0 0 0 0 0 
0 0 0 0 0 0 0 0 0 0 50 54 54 54 54 54 54 54 54 54 54 54 54 54 54 54 54 54 54 54 54 54 54 52 53 54 54 54 54 54 54 54 54 54 54 54 54 54 54 54 54 54 54 54 54 55 54 54 54 54 54 54 54 54 54 54 54 54 54 54 54 45 45 46 47 45 47 45 45 46 45 47 47 45 45 46 45 45 45 47 45 45 47 46 47 46 47 45 47 54 54 54 54 54 51 56 54 54 54 48 0 0 0 0 0 0 0 0 0 0 
0 0 0 0 0 0 0 0 0 0 49 54 54 54 54 54 54 54 54 54 55 54 54 54 54 54 54 54 49 48 48 49 50 48 49 49 50 54 54 54 48 48 48 48 49 49 48 48 49 49 54 54 54 54 54 54 54 54 54 54 54 54 54 54 54 54 54 54 57 54 54 61 60 62 61 61 61 61 61 62 61 61 61 61 64 61 61 61 61 63 61 61 61 61 61 61 61 65 62 54 55 54 54 54 54 54 54 54 54 48 0 0 0 0 0 0 0 0 0 0 
0 0 0 0 0 0 0 0 0 0 48 54 54 54 54 54 54 56 52 54 54 54 54 54 54 54 54 54 49 45 46 47 47 45 46 45 49 54 54 54 48 45 46 46 47 45 46 47 46 48 54 54 54 54 54 54 54 54 54 57 53 54 54 54 54 54 54 54 54 54 54 54 54 54 55 56 54 59 54 54 54 54 54 54 54 57 54 54 54 54 54 54 54 51 54 54 54 54 54 54 54 54 54 54 54 54 54 54 54 48 0 0 0 0 0 0 0 0 0 0 
0 0 0 0 0 0 0 0 0 0 48 54 54 54 54 54 54 54 54 54 54 54 54 54 54 54 54 54 48 63 61 61 60 62 61 60 48 54 54 54 48 65 61 60 62 61 61 61 64 48 54 54 54 54 54 54 54 54 54 54 54 54 54 54 54 54 54 54 54 54 54 50 48 49 49 48 49 50 48 54 54 49 50 48 49 50 48 48 48 50 48 49 49 50 48 50 50 50 50 54 54 54 54 54 54 54 54 54 54 48 0 0 0 0 0 0 0 0 0 0 
0 0 0 0 0 0 0 0 0 0 50 54 54 54 54 54 54 54 54 54 54 54 54 54 54 54 54 54 48 54 54 54 54 54 54 59 50 54 54 54 49 54 54 54 54 54 59 54 54 48 54 54 54 54 54 54 54 54 54 54 54 54 54 54 54 54 54 54 54 54 54 49 45 45 45 45 45 45 49 54 54 49 45 45 45 45 45 45 45 45 45 45 45 45 45 45 45 45 48 54 54 54 54 54 53 59 54 54 54 49 0 0 0 0 0 0 0 0 0 0 
0 0 0 0 0 0 0 0 0 0 48 54 54 54 54 54 54 54 54 54 54 54 54 54 54 54 54 54 48 54 54 54 54 54 54 54 48 54 55 54 48 54 54 54 54 54 52 54 54 49 54 54 54 54 54 54 54 51 54 54 54 54 54 54 54 54 54 54 54 54 54 48 65 61 60 62 61 63 50 54 54 50 63 61 61 62 61 61 61 60 61 65 61 61 61 61 63 64 48 54 54 54 54 54 54 54 54 54 54 50 0 0 0 0 0 0 0 0 0 0 
0 0 0 0 0 0 0 0 0 0 50 54 54 51 54 54 54 54 54 54 54 53 54 54 54 54 54 54 48 54 54 51 54 54 52 54 50 54 52 54 48 54 54 54 54 56 54 54 54 48 54 54 54 54 54 54 54 54 54 54 54 54 54 54 54 54 54 54 54 54 54 49 54 54 54 54 54 54 48 54 54 50 54 54 54 54 54 54 54 54 54 54 54 54 54 54 54 54 50 54 54 54 54 54 54 54 54 54 54 49 0 0 0 0 0 0 0 0 0 0 
0 0 0 0 0 0 0 0 0 0 48 54 54 54 54 54 54 54 54 54 54 54 54 54 54 54 54 54 48 54 54 54 54 54 55 54 48 54 54 54 49 54 57 54 54 54 54 54 54 49 54 54 54 54 54 54 54 54 54 54 54 54 54 54 55 54 54 54 54 54 51 50 54 54 54 54 54 54 49 54 54 48 54 54 54 54 54 54 54 54 54 54 54 54 54 54 54 54 50 54 54 54 54 54 54 54 54 54 54 49 0 0 0 0 0 0 0 0 0 0 
0 0 0 0 0 0 0 0 0 0 49 54 54 54 57 54 54 54 54 54 54 54 54 54 54 54 54 54 48 54 57 54 54 54 54 54 50 54 54 54 48 54 54 54 54 54 54 54 54 48 54 54 54 54 54 54 54 54 54 54 54 54 54 54 54 54 54 54 54 54 53 48 54 54 54 54 54 54 48 54 54 48 54 54 54 54 54 54 54 54 54 54 54 54 54 54 54 54 49 54 54 54 54 52 54 54 54 54 54 50 0 0 0 0 0 0 0 0 0 0 
0 0 0 0 0 0 0 0 0 0 48 54 54 54 54 54 54 54 54 54 54 54 54 54 54 54 54 54 48 54 54 54 54 54 54 54 48 54 57 54 49 54 54 54 54 54 51 54 54 48 54 54 54 54 54 54 54 54 54 54 54 54 54 54 54 54 54 54 54 54 54 50 54 54 57 56 54 54 50 55 54 49 54 54 54 54 54 54 54 54 54 54 54 52 54 54 54 54 50 54 54 58 54 54 54 54 54 54 54 48 0 0 0 0 0 0 0 0 0 0 
0 0 0 0 0 0 0 0 0 0 50 54 54 50 49 49 50 49 50 49 50 49 49 50 49 49 49 49 49 55 54 49 50 50 49 49 49 54 54 54 49 48 49 49 48 48 48 54 54 48 59 51 54 54 54 54 54 54 54 54 54 54 54 54 54 54 54 54 54 54 54 49 54 54 54 54 54 54 49 56 54 48 54 54 57 54 54 54 54 54 54 54 54 55 54 54 54 54 49 54 54 54 54 54 54 54 54 54 54 49 0 0 0 0 0 0 0 0 0 0 
0 0 0 0 0 0 0 0 0 0 48 54 54 49 45 45 47 47 46 47 45 45 47 45 45 46 45 46 45 54 54 45 47 47 45 46 46 54 54 54 45 45 47 45 46 47 45 54 55 49 49 48 49 50 48 48 50 50 48 54 54 49 49 48 50 48 49 50 49 50 50 49 54 54 54 54 54 54 49 54 54 50 54 54 59 54 54 54 54 51 54 54 54 54 54 54 54 54 48 54 54 54 54 54 54 54 54 54 54 50 0 0 0 0 0 0 0 0 0 0 
0 0 0 0 0 0 0 0 0 0 48 57 54 50 63 61 61 65 60 61 61 61 60 62 61 61 64 61 61 54 54 61 62 61 61 60 61 54 54 54 61 61 65 62 61 61 60 54 54 49 45 46 47 46 47 45 46 45 47 55 54 45 47 46 45 46 45 45 45 47 47 46 54 54 54 54 54 54 50 54 54 48 54 54 54 54 54 54 54 54 54 54 54 54 54 54 54 54 50 54 54 54 54 54 54 54 57 54 54 50 0 0 0 0 0 0 0 0 0 0 
0 0 0 0 0 0 0 0 0 0 50 54 54 50 54 54 54 54 54 54 54 54 54 54 54 54 54 54 54 54 54 54 54 54 54 54 54 54 54 54 54 54 54 54 54 54 54 54 54 48 61 61 62 61 64 61 61 61 61 54 54 61 63 61 61 60 61 65 63 61 61 61 54 54 54 54 54 54 49 54 54 50 54 54 54 54 54 54 54 54 54 54 54 54 54 54 54 54 49 54 54 54 54 57 59 54 54 54 54 48 0 0 0 0 0 0 0 0 0 0 
0 0 0 0 0 0 0 0 0 0 48 54 54 48 54 54 54 54 54 54 54 54 54 54 54 54 54 54 54 54 51 54 54 54 54 54 54 54 54 54 54 54 54 54 54 54 54 54 54 50 54 54 54 54 54 54 54 54 54 54 54 54 54 54 54 54 54 54 54 54 54 54 54 54 54 54 54 54 49 54 57 48 54 54 54 54 54 54 54 54 54 54 54 54 54 54 54 54 49 54 54 54 54 54 54 54 54 54 54 50 0 0 0 0 0 0 0 0 0 0 
0 0 0 0 0 0 0 0 0 0 48 54 54 49 54 54 54 54 54 54 54 54 54 54 54 54 54 54 54 53 54 54 54 54 54 54 54 54 54 54 54 54 54 54 54 54 54 54 54 50 54 54 54 54 54 54 54 54 54 54 54 54 54 54 54 54 54 54 54 54 54 54 54 54 54 54 54 54 50 54 51 48 54 54 54 54 53 54 54 54 54 54 54 54 54 54 54 54 50 49 50 48 50 49 54 54 48 50 49 50 0 0 0 0 0 0 0 0 0 0 
0 0 0 0 0 0 0 0 0 0 49 54 54 48 54 54 54 57 54 54 54 54 54 54 54 54 54 54 54 54 54 54 54 54 54 54 54 54 54 54 54 57 54 54 54 54 54 54 54 50 54 54 54 54 54 54 54 54 54 54 54 54 54 54 54 54 54 54 54 54 54 54 54 54 54 54 54 54 48 54 54 50 54 54 54 54 54 54 54 54 54 54 54 54 57 54 54 54 50 45 46 45 46 47 57 54 45 46 47 49 0 0 0 0 0 0 0 0 0 0 
0 0 0 0 0 0 0 0 0 0 50 51 54 49 54 54 54 54 54 54 54 54 54 52 54 54 54 54 54 54 54 54 54 54 54 54 54 54 54 54 54 51 54 54 54 54 54 54 54 50 54 54 54 54 54 54 54 54 54 54 54 54 54 54 54 54 54 54 54 54 54 54 54 53 54 54 54 54 50 54 54 49 54 54 54 54 54 54 54 54 54 54 54 54 54 54 54 54 48 63 60 61 62 61 54 53 61 60 64 48 0 0 0 0 0 0 0 0 0 0 
0 0 0 0 0 0 0 0 0 0 48 54 54 50 54 54 54 54 54 54 54 54 54 54 54 54 54 54 54 54 54 54 54 54 56 54 54 54 54 54 54 54 54 54 54 54 54 54 54 49 54 54 57 54 54 54 54 54 52 55 54 54 54 54 54 54 54 54 54 54 54 54 54 54 54 54 54 54 50 54 54 49 54 54 54 54 54 54 54 54 57 51 54 54 54 54 54 54 48 54 54 54 54 54 54 54 54 54 54 50 0 0 0 0 0 0 0 0 0 0 
0 0 0 0 0 0 0 0 0 0 49 54 54 50 54 54 54 54 54 54 54 54 54 54 54 54 54 54 54 54 54 54 54 54 54 54 54 54 54 54 54 54 54 54 54 54 54 54 54 49 54 54 54 54 54 54 54 54 54 54 54 54 54 54 54 54 54 54 54 54 56 54 54 54 54 54 54 54 49 54 52 50 54 54 54 54 54 54 54 54 54 54 54 54 54 54 54 54 50 54 54 54 54 54 54 54 54 54 54 48 0 0 0 0 0 0 0 0 0 0 
0 0 0 0 0 0 0 0 0 0 50 54 55 48 54 54 54 54 54 54 53 54 54 54 54 54 54 54 54 54 54 54 54 54 54 54 54 54 54 54 54 54 54 54 54 54 54 54 54 48 54 54 54 54 54 54 54 54 54 54 54 54 54 54 54 54 54 54 54 54 54 54 54 54 54 54 54 54 48 54 54 49 54 54 54 54 54 54 54 54 54 54 54 51 54 54 54 54 49 54 54 54 54 54 54 54 54 54 54 48 0 0 0 0 0 0 0 0 0 0 
0 0 0 0 0 0 0 0 0 0 49 54 56 48 54 54 54 54 54 54 54 54 54 54 54 54 54 51 54 54 54 54 54 54 54 54 54 54 54 54 54 54 54 54 54 58 54 54 54 48 54 54 54 54 54 54 54 54 54 54 54 54 54 51 54 54 54 54 54 54 54 54 54 54 54 54 54 54 50 54 54 48 54 54 54 54 54 56 52 54 54 54 54 54 54 54 54 54 49 54 54 54 54 54 54 53 59 54 54 49 0 0 0 0 0 0 0 0 0 0 
0 0 0 0 0 0 0 0 0 0 50 54 54 49 54 54 54 54 54 54 54 54 54 54 54 54 54 54 54 54 54 54 54 54 54 54 54 55 52 54 54 54 54 54 54 54 54 54 54 48 54 54 54 54 54 54 54 54 59 54 54 54 54 54 54 54 54 54 54 54 54 54 54 54 54 54 54 54 49 54 54 49 54 54 54 54 54 54 54 54 54 54 54 54 54 54 54 54 48 54 54 54 54 54 54 54 54 54 54 48 0 0 0 0 0 0 0 0 0 0 
0 0 0 0 0 0 0 0 0 0 49 54 54 50 54 54 54 54 56 54 54 54 54 54 54 54 54 54 54 54 54 54 54 54 54 54 54 54 54 54 54 54 54 54 54 54 54 54 54 49 54 54 54 54 54 54 54 54 53 54 54 54 54 54 54 54 54 54 54 54 54 57 58 54 54 54 54 54 50 54 54 49 54 54 57 54 54 54 54 54 54 54 54 54 54 54 54 54 48 54 54 58 57 54 54 54 54 54 54 50 0 0 0 0 0 0 0 0 0 0 
0 0 0 0 0 0 0 0 0 0 48 54 54 49 54 54 54 54 54 54 54 54 54 54 54 54 54 54 54 54 54 54 54 54 54 54 54 54 54 54 54 54 54 54 54 54 54 54 54 48 54 54 54 54 54 54 54 54 54 54 54 54 54 54 54 54 54 54 54 54 54 54 54 54 54 54 54 54 49 53 54 48 54 54 54 54 54 54 54 54 54 54 54 54 54 54 54 54 48 54 54 54 54 54 54 54 54 54 54 49 0 0 0 0 0 0 0 0 0 0 
0 0 0 0 0 0 0 0 0 0 50 54 54 49 54 54 54 54 54 54 54 54 54 54 54 54 54 54 54 53 57 54 54 54 54 54 54 54 54 54 54 54 54 54 54 54 54 54 54 49 54 54 54 54 54 54 54 54 54 54 54 54 54 54 54 54 54 54 54 54 54 54 54 54 54 54 54 54 50 57 54 48 54 54 54 54 54 54 54 54 54 54 54 54 54 54 57 59 48 54 54 54 54 54 54 54 54 51 54 48 0 0 0 0 0 0 0 0 0 0 
0 0 0 0 0 0 0 0 0 0 49 54 54 50 54 54 54 54 54 54 54 54 54 54 54 54 54 54 54 54 54 54 54 54 54 54 54 54 54 54 48 50 49 48 48 49 50 48 50 48 50 50 50 49 48 50 50 50 48 49 50 48 48 50 49 48 54 54 48 50 49 48 48 49 50 48 50 50 48 54 54 48 50 50 48 49 54 54 49 48 50 50 49 57 54 49 50 48 50 54 54 54 54 54 54 54 54 54 54 48 0 0 0 0 0 0 0 0 0 0 
0 0 0 0 0 0 0 0 0 0 50 57 54 50 54 54 54 54 54 54 54 54 54 54 54 54 54 54 54 54 54 54 54 54 54 54 54 54 54 54 48 45 45 45 46 47 45 46 46 45 46 45 47 45 46 47 45 45 47 45 47 46 45 46 46 49 53 54 47 46 45 47 45 46 46 46 47 45 47 54 54 47 46 46 45 47 56 54 45 46 45 46 50 59 54 45 46 46 47 54 54 54 54 54 54 54 54 54 54 49 0 0 0 0 0 0 0 0 0 0 
0 0 0 0 0 0 0 0 0 0 48 54 54 49 49 50 50 48 50 48 48 49 50 48 49 48 50 50 49 50 49 48 48 48 50 49 48 48 50 49 48 64 61 61 61 61 62 63 61 61 61 64 63 61 60 65 61 61 61 61 61 61 60 61 63 50 54 54 61 63 61 61 61 60 61 61 62 62 61 56 54 61 60 63 61 61 55 54 61 60 61 64 49 54 54 61 64 60 61 54 54 54 54 54 54 54 54 54 54 48 0 0 0 0 0 0 0 0 0 0 
0 0 0 0 0 0 0 0 0 0 48 54 54 45 47 45 45 46 46 47 46 45 47 45 46 45 47 46 45 47 46 46 46 47 45 45 47 45 47 46 45 54 54 54 54 54 54 54 54 54 54 54 54 54 54 54 54 54 54 54 54 54 54 54 54 49 54 55 54 54 54 54 54 54 54 54 54 54 54 54 55 54 54 54 54 54 54 54 54 54 54 54 49 54 54 54 54 54 54 54 54 54 54 54 54 54 54 54 54 49 0 0 0 0 0 0 0 0 0 0 
0 0 0 0 0 0 0 0 0 0 49 54 53 61 61 60 61 61 61 61 61 61 62 65 61 61 61 61 61 61 60 61 61 61 61 61 64 62 61 61 61 54 54 54 54 54 54 54 54 54 54 54 54 54 54 54 54 54 54 54 54 54 54 54 54 49 54 54 54 54 54 54 54 54 54 54 54 54 54 54 54 54 54 54 54 54 54 54 54 54 54 54 48 54 54 54 54 54 54 54 54 54 54 54 58 53 54 54 54 48 0 0 0 0 0 0 0 0 0 0 
0 0 0 0 0 0 0 0 0 0 50 54 57 54 54 54 53 54 54 52 54 54 54 54 54 54 54 57 54 56 54 54 54 54 54 54 54 54 53 57 54 54 54 54 54 54 54 57 51 54 54 54 54 54 54 54 54 54 54 54 54 54 54 54 54 50 54 54 54 54 54 54 54 54 54 54 54 54 54 54 54 54 54 54 54 54 54 54 57 54 54 54 49 54 54 54 54 54 54 54 54 54 52 54 54 54 54 54 54 49 0 0 0 0 0 0 0 0 0 0 
0 0 0 0 0 0 0 0 0 0 49 49 48 49 48 49 49 48 49 50 50 48 49 50 49 48 49 50 48 48 49 49 50 49 50 49 48 49 48 48 48 54 54 54 54 54 54 54 54 54 54 54 54 54 54 55 52 54 54 54 54 54 54 54 54 48 54 54 54 54 54 54 54 54 54 54 54 54 54 56 55 54 54 54 54 54 54 54 58 54 54 54 50 54 54 54 54 54 54 57 54 54 54 54 54 54 54 54 54 48 0 0 0 0 0 0 0 0 0 0 
0 0 0 0 0 0 0 0 0 0 48 45 46 46 46 45 47 45 45 46 45 46 45 45 46 45 47 45 46 45 47 45 46 46 45 46 45 47 46 47 50 54 54 54 54 54 54 54 54 54 54 54 54 54 54 54 54 54 51 54 54 54 54 54 54 48 54 54 54 54 54 54 54 54 54 51 57 54 54 54 54 54 54 52 56 54 54 54 54 54 54 54 48 54 51 54 54 54 54 54 54 54 54 54 54 54 54 54 54 49 0 0 0 0 0 0 0 0 0 0 
0 0 0 0 0 0 0 0 0 0 50 63 65 61 61 61 61 61 61 60 61 61 61 65 60 61 61 61 62 60 61 61 61 61 61 61 61 61 61 64 50 54 54 54 54 54 54 54 54 54 54 54 54 54 54 54 54 54 54 54 54 54 54 54 54 49 54 54 54 54 54 54 54 54 54 54 54 54 54 54 54 54 54 54 54 54 54 54 54 54 54 54 49 54 54 54 54 54 54 54 54 54 54 54 54 54 54 54 54 50 0 0 0 0 0 0 0 0 0 0 
0 0 0 0 0 0 0 0 0 0 49 54 54 54 54 54 54 55 54 54 54 54 54 54 54 54 54 54 54 54 54 54 57 53 54 54 54 54 54 54 49 54 54 54 54 54 52 54 54 54 54 54 54 54 54 54 54 54 54 54 54 54 54 54 54 49 54 54 54 54 54 54 54 54 54 54 54 54 54 54 54 54 54 54 54 54 54 54 54 54 54 54 49 54 54 54 54 59 59 54 54 54 54 54 54 54 54 54 54 48 0 0 0 0 0 0 0 0 0 0 
0 0 0 0 0 0 0 0 0 0 49 54 54 49 54 54 52 54 54 54 54 57 59 54 54 54 54 55 56 54 54 54 54 54 54 54 54 54 54 54 48 54 54 54 54 54 54 54 54 54 54 54 54 54 54 54 54 54 54 54 58 51 54 54 54 50 54 54 54 54 54 54 54 54 54 54 54 54 54 54 54 54 54 54 54 54 54 54 54 54 54 54 50 54 54 54 54 54 54 54 54 54 54 54 54 54 54 54 54 48 0 0 0 0 0 0 0 0 0 0 
0 0 0 0 0 0 0 0 0 0 49 54 54 48 54 54 54 54 54 54 54 54 54 54 54 54 54 54 54 54 54 54 54 54 54 54 54 54 57 58 49 54 54 54 54 54 54 54 54 54 54 55 54 54 54 54 54 54 54 54 54 54 54 54 54 50 54 54 54 53 57 54 54 54 54 54 54 54 54 54 54 54 54 54 54 54 54 54 57 53 54 54 49 54 54 54 54 54 54 54 54 54 54 54 54 54 54 54 54 49 0 0 0 0 0 0 0 0 0 0 
0 0 0 0 0 0 0 0 0 0 50 57 54 49 48 50 49 50 49 49 48 50 48 49 48 50 49 48 49 48 48 50 48 48 50 49 49 49 50 49 48 54 54 54 54 54 54 54 54 54 54 54 54 54 54 54 54 54 54 54 54 54 54 54 54 49 54 54 54 54 54 54 54 54 54 54 54 54 54 54 54 54 54 54 54 54 54 54 54 54 54 54 49 54 54 54 54 54 54 54 54 54 52 51 57 54 54 54 54 48 0 0 0 0 0 0 0 0 0 0 
0 0 0 0 0 0 0 0 0 0 49 54 54 45 46 47 45 46 46 45 47 45 47 47 45 45 46 47 45 45 46 45 45 46 45 47 45 46 47 45 46 54 54 54 54 54 54 53 54 54 54 54 54 54 54 51 57 54 54 54 54 54 54 54 54 50 54 54 54 54 54 54 54 54 54 54 54 54 54 51 54 54 54 54 54 54 54 54 54 54 54 54 50 54 54 54 54 54 57 54 54 54 54 54 54 54 54 54 54 49 0 0 0 0 0 0 0 0 0 0 
0 0 0 0 0 0 0 0 0 0 50 54 54 61 65 61 61 61 63 60 61 61 61 60 61 61 63 61 61 61 61 64 61 61 62 61 61 61 61 60 61 54 54 54 54 54 54 54 54 54 54 54 54 54 54 54 54 54 54 54 54 54 54 54 54 49 54 54 54 54 54 54 54 54 54 54 54 54 54 54 54 54 54 54 54 54 54 54 54 54 54 54 50 54 54 54 54 54 54 54 54 54 54 54 54 54 54 54 54 49 0 0 0 0 0 0 0 0 0 0 
0 0 0 0 0 0 0 0 0 0 48 54 54 54 54 54 54 54 54 53 54 54 54 54 54 54 52 55 54 54 54 54 54 54 54 56 54 54 54 54 54 54 54 54 54 54 54 54 54 54 54 54 54 54 54 54 54 54 54 54 54 54 54 54 54 50 54 54 54 54 54 54 54 54 54 54 54 54 54 54 54 54 54 54 54 54 54 54 54 54 54 54 49 54 54 54 54 54 54 54 54 54 54 54 54 54 54 54 54 50 0 0 0 0 0 0 0 0 0 0 
0 0 0 0 0 0 0 0 0 0 48 49 50 49 50 48 48 50 49 48 48 48 49 49 50 50 49 49 50 49 49 48 49 48 50 49 48 48 50 48 48 49 49 50 50 49 48 49 50 50 49 48 50 48 50 50 49 50 49 49 50 48 49 49 49 49 49 49 48 48 49 49 49 50 50 48 48 50 49 49 50 50 49 50 48 50 48 49 50 48 49 49 49 49 50 50 49 48 48 48 50 48 50 49 49 48 50 48 48 50 0 0 0 0 0 0 0 0 0 0 
0 0 0 0 0 0 0 0 0 0 45 47 45 45 46 47 46 46 47 45 46 47 45 45 47 46 46 46 46 46 46 46 46 47 45 45 46 47 46 45 45 45 45 47 46 46 45 45 47 47 46 46 45 47 47 45 46 46 46 45 46 46 45 46 46 46 45 47 46 47 47 47 47 45 47 46 47 47 46 45 47 45 45 45 47 47 45 46 47 46 46 46 45 47 46 47 46 46 45 46 47 45 46 46 46 45 46 47 46 45 0 0 0 0 0 0 0 0 0 0 
0 0 0 0 0 0 0 0 0 0 0 0 0 0 0 0 0 0 0 0 0 0 0 0 0 0 0 0 0 0 0 0 0 0 0 0 0 0 0 0 0 0 0 0 0 0 0 0 0 0 0 0 0 0 0 0 0 0 0 0 0 0 0 0 0 0 0 0 0 0 0 0 0 0 0 0 0 0 0 0 0 0 0 0 0 0 0 0 0 0 0 0 0 0 0 0 0 0 0 0 0 0 0 0 0 0 0 0 0 0 0 0 0 0 0 0 0 0 0 0 0
0 0 0 0 0 0 0 0 0 0 0 0 0 0 0 0 0 0 0 0 0 0 0 0 0 0 0 0 0 0 0 0 0 0 0 0 0 0 0 0 0 0 0 0 0 0 0 0 0 0 0 0 0 0 0 0 0 0 0 0 0 0 0 0 0 0 0 0 0 0 0 0 0 0 0 0 0 0 0 0 0 0 0 0 0 0 0 0 0 0 0 0 0 0 0 0 0 0 0 0 0 0 0 0 0 0 0 0 0 0 0 0 0 0 0 0 0 0 0 0 0
0 0 0 0 0 0 0 0 0 0 0 0 0 0 0 0 0 0 0 0 0 0 0 0 0 0 0 0 0 0 0 0 0 0 0 0 0 0 0 0 0 0 0 0 0 0 0 0 0 0 0 0 0 0 0 0 0 0 0 0 0 0 0 0 0 0 0 0 0 0 0 0 0 0 0 0 0 0 0 0 0 0 0 0 0 0 0 0 0 0 0 0 0 0 0 0 0 0 0 0 0 0 0 0 0 0 0 0 0 0 0 0 0 0 0 0 0 0 0 0 0
0 0 0 0 0 0 0 0 0 0 0 0 0 0 0 0 0 0 0 0 0 0 0 0 0 0 0 0 0 0 0 0 0 0 0 0 0 0 0 0 0 0 0 0 0 0 0 0 0 0 0 0 0 0 0 0 0 0 0 0 0 0 0 0 0 0 0 0 0 0 0 0 0 0 0 0 0 0 0 0 0 0 0 0 0 0 0 0 0 0 0 0 0 0 0 0 0 0 0 0 0 0 0 0 0 0 0 0 0 0 0 0 0 0 0 0 0 0 0 0 0
0 0 0 0 0 0 0 0 0 0 0 0 0 0 0 0 0 0 0 0 0 0 0 0 0 0 0 0 0 0 0 0 0 0 0 0 0 0 0 0 0 0 0 0 0 0 0 0 0 0 0 0 0 0 0 0 0 0 0 0 0 0 0 0 0 0 0 0 0 0 0 0 0 0 0 0 0 0 0 0 0 0 0 0 0 0 0 0 0 0 0 0 0 0 0 0 0 0 0 0 0 0 0 0 0 0 0 0 0 0 0 0 0 0 0 0 0 0 0 0 0
0 0 0 0 0 0 0 0 0 0 0 0 0 0 0 0 0 0 0 0 0 0 0 0 0 0 0 0 0 0 0 0 0 0 0 0 0 0 0 0 0 0 0 0 0 0 0 0 0 0 0 0 0 0 0 0 0 0 0 0 0 0 0 0 0 0 0 0 0 0 0 0 0 0 0 0 0 0 0 0 0 0 0 0 0 0 0 0 0 0 0 0 0 0 0 0 0 0 0 0 0 0 0 0 0 0 0 0 0 0 0 0 0 0 0 0 0 0 0 0 0
0 0 0 0 0 0 0 0 0 0 0 0 0 0 0 0 0 0 0 0 0 0 0 0 0 0 0 0 0 0 0 0 0 0 0 0 0 0 0 0 0 0 0 0 0 0 0 0 0 0 0 0 0 0 0 0 0 0 0 0 0 0 0 0 0 0 0 0 0 0 0 0 0 0 0 0 0 0 0 0 0 0 0 0 0 0 0 0 0 0 0 0 0 0 0 0 0 0 0 0 0 0 0 0 0 0 0 0 0 0 0 0 0 0 0 0 0 0 0 0 0
0 0 0 0 0 0 0 0 0 0 0 0 0 0 0 0 0 0 0 0 0 0 0 0 0 0 0 0 0 0 0 0 0 0 0 0 0 0 0 0 0 0 0 0 0 0 0 0 0 0 0 0 0 0 0 0 0 0 0 0 0 0 0 0 0 0 0 0 0 0 0 0 0 0 0 0 0 0 0 0 0 0 0 0 0 0 0 0 0 0 0 0 0 0 0 0 0 0 0 0 0 0 0 0 0 0 0 0 0 0 0 0 0 0 0 0 0 0 0 0 0
0 0 0 0 0 0 0 0 0 0 0 0 0 0 0 0 0 0 0 0 0 0 0 0 0 0 0 0 0 0 0 0 0 0 0 0 0 0 0 0 0 0 0 0 0 0 0 0 0 0 0 0 0 0 0 0 0 0 0 0 0 0 0 0 0 0 0 0 0 0 0 0 0 0 0 0 0 0 0 0 0 0 0 0 0 0 0 0 0 0 0 0 0 0 0 0 0 0 0 0 0 0 0 0 0 0 0 0 0 0 0 0 0 0 0 0 0 0 0 0 0
0 0 0 0 0 0 0 0 0 0 0 0 0 0 0 0 0 0 0 0 0 0 0 0 0 0 0 0 0 0 0 0 0 0 0 0 0 0 0 0 0 0 0 0 0 0 0 0 0 0 0 0 0 0 0 0 0 0 0 0 0 0 0 0 0 0 0 0 0 0 0 0 0 0 0 0 0 0 0 0 0 0 0 0 0 0 0 0 0 0 0 0 0 0 0 0 0 0 0 0 0 0 0 0 0 0 0 0 0 0 0 0 0 0 0 0 0 0 0 0 0

